1780013238148 3.9182193559758804 0
1780013252164 2.734346600139842 1
1780013265747 2.2512906369040993 2
1780013279278 2.178327637560227 3
1780013292594 2.0171490837545956 4
1780013305609 2.055688780896804 5
1780013318309 1.8524106039720423 6
1780013331358 1.7788136285894058 7
1780013344874 1.7389529803219963 8
1780013359120 1.7346931766061222 9
1780013373504 1.6612322821336634 10
1780013386824 1.685239230885225 11
1780013399989 1.621503703734454 12
1780013413600 1.7130765003316544 13
1780013427166 1.6012157902998083 14
1780013439612 1.6103767507216509 15
1780013451984 1.6061250742743998 16
1780013466165 1.6335307499941658 17
