1780013238148 15.925925925925926 0
1780013252164 22.22222222222222 1
1780013265747 26.296296296296298 2
1780013279278 25.185185185185187 3
1780013292594 30.925925925925927 4
1780013305609 27.22222222222222 5
1780013318309 36.666666666666664 6
1780013331358 34.81481481481482 7
1780013344874 35.18518518518518 8
1780013359120 36.2962962962963 9
1780013373504 39.074074074074076 10
1780013386824 37.407407407407405 11
1780013399989 38.7037037037037 12
1780013413600 38.333333333333336 13
1780013427166 41.666666666666664 14
1780013439612 40.0 15
1780013451984 37.77777777777778 16
1780013466165 39.44444444444444 17
