1780093035626 2.0822968623217415 0
1780093068824 1.4719759225845337 1
1780093101839 1.2798322491786058 2
1780093113159 1.2375884915099424 3
1780093146002 1.1676946685594671 4
1780093157134 1.0899066469248604 5
1780093168749 1.0370481522644268 6
1780093179949 0.962832114275764 7
1780093212647 0.9264150367063635 8
1780093224396 0.9000042676925659 9
1780093256660 0.8990444085177254 10
1780093289874 0.8154443493660759 11
1780093301510 0.7910268569693846 12
1780093333542 0.7545097742010566 13
1780093344987 0.7918952738537508 14
1780093356320 0.7204117301632377 15
1780093367585 0.6573331093086916 16
1780093378885 0.6887072210802752 17
