1780093035626 26.48148148148148 0
1780093068824 48.7037037037037 1
1780093101839 55.0 2
1780093113159 55.74074074074074 3
1780093146002 59.629629629629626 4
1780093157134 62.407407407407405 5
1780093168749 64.62962962962963 6
1780093179949 66.11111111111111 7
1780093212647 70.0 8
1780093224396 70.92592592592592 9
1780093256660 69.81481481481481 10
1780093289874 72.77777777777777 11
1780093301510 73.88888888888889 12
1780093333542 74.81481481481481 13
1780093344987 73.88888888888889 14
1780093356320 78.88888888888889 15
1780093367585 82.03703703703704 16
1780093378885 78.51851851851852 17
