1780080304145 32.22222222222222 0
1780080334778 53.333333333333336 1
1780080364857 60.74074074074074 2
1780080395321 66.48148148148148 3
1780080405671 67.4074074074074 4
1780080416057 69.62962962962963 5
1780080426141 68.70370370370371 6
1780080436789 76.66666666666667 7
1780080467399 77.03703703703704 8
1780080477565 77.96296296296296 9
1780080487831 79.44444444444444 10
1780080498364 83.88888888888889 11
1780080528762 81.85185185185185 12
1780080539778 84.81481481481481 13
1780080550510 82.77777777777777 14
1780080561271 85.92592592592592 15
1780080571342 85.18518518518519 16
1780080581908 87.4074074074074 17
