1780080304145 1.868531363851884 0
1780080334778 1.4394947150174309 1
1780080364857 1.2384362115579493 2
1780080395321 1.12447589635849 3
1780080405671 1.0421783485833336 4
1780080416057 0.9909424203283647 5
1780080426141 0.9581741725697237 6
1780080436789 0.8659009425079122 7
1780080467399 0.7804494158310049 8
1780080477565 0.7640392026480507 9
1780080487831 0.751620632760665 10
1780080498364 0.6676720643744749 11
1780080528762 0.6296176025096107 12
1780080539778 0.5875373210977105 13
1780080550510 0.6139385253190994 14
1780080561271 0.5586277912644779 15
1780080571342 0.5173119402983609 16
1780080581908 0.47001080960035324 17
