1779838379348 24.172661870503596 0
1779838419758 44.172661870503596 1
1779838432574 49.20863309352518 2
1779838472568 57.985611510791365 3
1779838486939 61.726618705035975 4
1779838530201 62.44604316546763 5
1779838545120 68.48920863309353 6
1779838561464 72.5179856115108 7
1779838599822 69.49640287769785 8
1779838614974 72.5179856115108 9
1779838630113 76.40287769784173 10
1779838665997 75.8273381294964 11
1779838678499 76.97841726618705 12
1779838692906 78.99280575539568 13
1779838705245 79.85611510791367 14
1779838721106 78.84892086330935 15
1779838733192 79.56834532374101 16
1779838753172 81.29496402877697 17
1779838765918 81.00719424460432 18
1779838778125 75.8273381294964 19
