1779838379348 2.859433900226246 0
1779838419758 1.6120661605488171 1
1779838432574 1.3331124674190173 2
1779838472568 1.0793001570484855 3
1779838486939 0.9957330362363295 4
1779838530201 0.962017300454053 5
1779838545120 0.8504826507785104 6
1779838561464 0.7148955735293302 7
1779838599822 0.7580886727029627 8
1779838614974 0.7056741714477539 9
1779838630113 0.6441604400222952 10
1779838665997 0.6246095922860232 11
1779838678499 0.6142902848395434 12
1779838692906 0.5662672926079143 13
1779838705245 0.5679220083084974 14
1779838721106 0.5805771865627982 15
1779838733192 0.5252100405367938 16
1779838753172 0.48499936813657935 17
1779838765918 0.49942444264888763 18
1779838778125 0.7272137268023058 19
