1780070083668 1.8038985199398465 0
1780070099588 1.4501721461613972 1
1780070118490 1.3344990544848971 2
1780070139437 1.202753292189704 3
1780070171016 1.1425479849179585 4
1780070185213 1.0848213566674128 5
1780070206292 1.0572969251208835 6
1780070223664 1.0202120674981012 7
1780070236612 1.0103214648034837 8
1780070253577 0.9617654416296217 9
1780070267390 0.8951731324195862 10
1780070284244 0.9260645574993558 11
1780070299447 0.8694808814260695 12
1780070322151 0.8077153364817301 13
1780070339465 0.7911376621988084 14
1780070356253 0.8013388911883036 15
1780070369795 0.7949889832072787 16
1780070390000 0.7860106428464254 17
