1780070083668 34.44444444444444 0
1780070099588 45.925925925925924 1
1780070118490 50.370370370370374 2
1780070139437 53.51851851851852 3
1780070171016 56.851851851851855 4
1780070185213 61.111111111111114 5
1780070206292 60.74074074074074 6
1780070223664 63.7037037037037 7
1780070236612 64.07407407407408 8
1780070253577 64.62962962962963 9
1780070267390 63.148148148148145 10
1780070284244 65.0 11
1780070299447 66.85185185185185 12
1780070322151 72.96296296296296 13
1780070339465 71.85185185185185 14
1780070356253 70.74074074074075 15
1780070369795 70.55555555555556 16
1780070390000 72.5925925925926 17
