1779843362664 41.43884892086331 0
1779843394695 53.52517985611511 1
1779843426292 57.84172661870504 2
1779843437392 60.431654676258994 3
1779843470106 70.93525179856115 4
1779843481605 73.5251798561151 5
1779843513023 77.98561151079137 6
1779843524385 82.15827338129496 7
1779843535851 81.29496402877697 8
1779843547234 85.32374100719424 9
1779843558916 89.20863309352518 10
1779843590648 90.2158273381295 11
1779843602046 91.36690647482014 12
1779843633494 94.10071942446044 13
1779843644993 94.38848920863309 14
1779843656342 95.25179856115108 15
1779843667575 95.10791366906474 16
1779843678928 95.8273381294964 17
1779843690273 95.25179856115108 18
