1779843362664 1.672266575423154 0
1779843394695 1.3010351712053472 1
1779843426292 1.1552421748638153 2
1779843437392 1.0339514342221348 3
1779843470106 0.8975963240320032 4
1779843481605 0.7833991971882907 5
1779843513023 0.6981784389777617 6
1779843524385 0.5978692891922864 7
1779843535851 0.560438637029041 8
1779843547234 0.4839220548217947 9
1779843558916 0.3979766456918283 10
1779843590648 0.35234351456165314 11
1779843602046 0.2895999252796173 12
1779843633494 0.25612521916627884 13
1779843644993 0.2286089567298239 14
1779843656342 0.20697274736382745 15
1779843667575 0.19389181888916276 16
1779843678928 0.17821607637134465 17
1779843690273 0.16024230115792967 18
