1780074456146 32.03703703703704 0
1780074498552 40.74074074074074 1
1780074532542 48.148148148148145 2
1780074571982 48.7037037037037 3
1780074613370 50.74074074074074 4
1780074624646 52.03703703703704 5
1780074636064 59.81481481481482 6
1780074669351 57.96296296296296 7
1780074701637 56.851851851851855 8
1780074739735 59.074074074074076 9
1780074750982 61.111111111111114 10
1780074763360 60.0 11
1780074774463 60.18518518518518 12
1780074810362 62.22222222222222 13
1780074822177 63.888888888888886 14
1780074859924 66.11111111111111 15
1780074871506 66.48148148148148 16
1780074882196 66.29629629629629 17
1780074914824 67.4074074074074 18
1780074924899 67.5925925925926 19
1780074934857 70.37037037037037 20
1780074944615 68.33333333333333 21
1780074956726 72.77777777777777 22
1780074967894 69.25925925925925 23
