1780074456146 1.907353485331816 0
1780074498552 1.6092977664049934 1
1780074532542 1.416382859734928 2
1780074571982 1.3529766552588518 3
1780074613370 1.2743011222166174 4
1780074624646 1.2473708864520578 5
1780074636064 1.1279717806507559 6
1780074669351 1.122271916445564 7
1780074701637 1.1366222413147198 8
1780074739735 1.072792856132283 9
1780074750982 1.0398657041437485 10
1780074763360 1.0384040019091438 11
1780074774463 1.0419204953838797 12
1780074810362 1.0012508770998787 13
1780074822177 0.9757168555960936 14
1780074859924 0.9133035365272971 15
1780074871506 0.918296019820606 16
1780074882196 0.8781914719763924 17
1780074914824 0.9092951820177191 18
1780074924899 0.9003680436050191 19
1780074934857 0.869093086789636 20
1780074944615 0.830437488415662 21
1780074956726 0.7586805575034198 22
1780074967894 0.8268044801319346 23
