1780015261285 32.77777777777778 0
1780015275257 40.0 1
1780015290697 44.44444444444444 2
1780015305751 49.629629629629626 3
1780015318849 48.148148148148145 4
1780015331149 49.81481481481482 5
1780015346962 54.44444444444444 6
1780015364298 53.148148148148145 7
1780015376660 54.81481481481482 8
1780015389481 53.7037037037037 9
1780015403707 55.18518518518518 10
1780015418785 55.0 11
1780015430325 56.48148148148148 12
1780015442808 59.25925925925926 13
1780015458392 59.074074074074076 14
1780015473494 58.51851851851852 15
1780015487196 57.96296296296296 16
1780015501181 60.370370370370374 17
1780015514903 60.0 18
1780015528965 62.77777777777778 19
1780015542795 62.96296296296296 20
1780015556164 61.2962962962963 21
