1780015261285 1.9195291785632862 0
1780015275257 1.6149612524930168 1
1780015290697 1.502051549799302 2
1780015305751 1.3776944595224716 3
1780015318849 1.312278656398549 4
1780015331149 1.2536540697602665 5
1780015346962 1.23557710647583 6
1780015364298 1.2290866900892818 7
1780015376660 1.179848057382247 8
1780015389481 1.1989889881190132 9
1780015403707 1.189823346979478 10
1780015418785 1.2180071893860311 11
1780015430325 1.1080631508546717 12
1780015442808 1.0814644554082085 13
1780015458392 1.107436106485479 14
1780015473494 1.0601107758634232 15
1780015487196 1.0790707574171179 16
1780015501181 1.0849695731611813 17
1780015514903 1.0223943135317635 18
1780015528965 0.9581844631363364 19
1780015542795 1.0057165517526514 20
1780015556164 1.0538364999434526 21
