1779841038844 1.6803742430426858 0
1779841084233 1.327026443047957 1
1779841129115 1.1306760825894095 2
1779841143008 0.972241835160689 3
1779841158656 0.9095251126722856 4
1779841175144 0.7899053909561851 5
1779841189655 0.7475837387821891 6
1779841201837 0.6828835782679644 7
1779841236425 0.6340092664415186 8
1779841249055 0.5562596741047773 9
1779841261184 0.5280104428529739 10
1779841273483 0.470536624843424 11
1779841306564 0.48535729267380456 12
1779841318879 0.42078927159309387 13
1779841330996 0.4062589122490449 14
1779841343311 0.4267418012022972 15
1779841355394 0.41029437902298843 16
1779841367960 0.31379454650662164 17
