1779841038844 38.70503597122302 0
1779841084233 55.68345323741007 1
1779841129115 62.589928057553955 2
1779841143008 65.75539568345324 3
1779841158656 68.63309352517986 4
1779841175144 73.5251798561151 5
1779841189655 75.8273381294964 6
1779841201837 78.70503597122303 7
1779841236425 81.43884892086331 8
1779841249055 84.1726618705036 9
1779841261184 83.88489208633094 10
1779841273483 85.46762589928058 11
1779841306564 85.32374100719424 12
1779841318879 88.63309352517986 13
1779841330996 87.4820143884892 14
1779841343311 87.05035971223022 15
1779841355394 87.62589928057554 16
1779841367960 90.35971223021583 17
