1780006283491 3.2061626069685993 0
1780006299493 1.855650502092698 1
1780006317540 1.728761175099541 2
1780006334176 1.5119505770066206 3
1780006353561 1.3292379028656904 4
1780006366608 1.2040877973332125 5
1780006378902 1.1656057168455685 6
1780006413087 1.1821835672154146 7
1780006430053 1.1610963099143083 8
1780006441573 1.0148072733598597 9
1780006453768 1.001342096749474 10
1780006469261 1.0217324845931108 11
1780006484437 0.9253554133807912 12
1780006497630 0.9380630359930151 13
1780006510683 0.9534399404245264 14
1780006525482 0.8573375624768874 15
1780006536442 0.8015687851344838 16
1780006550514 0.8945495836875018 17
1780006564561 0.8151856240104226 18
1780006578659 0.9437935702940997 19
1780006596936 0.7740047381204718 20
1780006612219 0.7027301244875964 21
1780006627259 0.7703409685808069 22
1780006639959 0.8395249054712408 23
1780006655663 0.7335849316681132 24
1780006669969 0.6854864639394423 25
1780006692869 0.6429756862275741 26
1780006706510 0.6434681415557861 27
1780006723125 0.6318390702500063 28
1780006738137 0.5504982085788951 29
