1780006283491 23.14814814814815 0
1780006299493 42.03703703703704 1
1780006317540 42.592592592592595 2
1780006334176 43.7037037037037 3
1780006353561 51.666666666666664 4
1780006366608 54.074074074074076 5
1780006378902 57.03703703703704 6
1780006413087 54.44444444444444 7
1780006430053 57.592592592592595 8
1780006441573 60.925925925925924 9
1780006453768 60.18518518518518 10
1780006469261 57.96296296296296 11
1780006484437 64.25925925925925 12
1780006497630 65.92592592592592 13
1780006510683 65.18518518518519 14
1780006525482 68.51851851851852 15
1780006536442 69.25925925925925 16
1780006550514 70.18518518518519 17
1780006564561 69.62962962962963 18
1780006578659 63.51851851851852 19
1780006596936 70.55555555555556 20
1780006612219 73.51851851851852 21
1780006627259 69.44444444444444 22
1780006639959 70.55555555555556 23
1780006655663 72.22222222222223 24
1780006669969 73.70370370370371 25
1780006692869 76.85185185185185 26
1780006706510 73.88888888888889 27
1780006723125 74.44444444444444 28
1780006738137 79.62962962962963 29
