1779979401021 22.59259259259259 0
1779979416189 43.333333333333336 1
1779979431528 46.666666666666664 2
1779979444678 47.03703703703704 3
1779979457741 52.592592592592595 4
1779979471598 55.74074074074074 5
1779979483385 54.629629629629626 6
1779979496005 61.48148148148148 7
1779979508321 58.148148148148145 8
1779979520140 65.74074074074075 9
1779979532551 66.85185185185185 10
1779979544816 67.77777777777777 11
1779979556854 66.48148148148148 12
1779979569715 64.62962962962963 13
1779979581681 65.74074074074075 14
1779979593984 65.18518518518519 15
1779979605867 72.77777777777777 16
1779979618516 69.81481481481481 17
1779979632844 69.81481481481481 18
1779979645674 73.33333333333333 19
1779979657593 70.37037037037037 20
1779979669844 67.22222222222223 21
1779979682024 67.22222222222223 22
1779979693739 70.74074074074075 23
1779979706401 75.74074074074075 24
1779979718739 76.66666666666667 25
1779979731113 75.74074074074075 26
1779979743575 78.33333333333333 27
1779979755820 78.70370370370371 28
1779979768233 77.96296296296296 29
