1779979401021 3.48571899357964 0
1779979416189 1.8605266528971054 1
1779979431528 1.443151915774626 2
1779979444678 1.5250544197419111 3
1779979457741 1.28652243754443 4
1779979471598 1.138361748527078 5
1779979483385 1.1778789793743807 6
1779979496005 1.0905316787607529 7
1779979508321 1.0234877291847677 8
1779979520140 0.950014054775238 9
1779979532551 0.8722141700632432 10
1779979544816 0.8755133152008057 11
1779979556854 0.8695958291783052 12
1779979569715 0.9482447469935698 13
1779979581681 0.9234291209894068 14
1779979593984 0.867476785884184 15
1779979605867 0.7239715106347028 16
1779979618516 0.7870984463130727 17
1779979632844 0.8655561156132642 18
1779979645674 0.7388806413201725 19
1779979657593 0.7805569943259744 20
1779979669844 0.9051492775187773 21
1779979682024 0.8409002879086662 22
1779979693739 0.6751249222194448 23
1779979706401 0.665440641781863 24
1779979718739 0.5984824755612541 25
1779979731113 0.634661325637032 26
1779979743575 0.5512132784899544 27
1779979755820 0.5881872913416695 28
1779979768233 0.6054925147224876 29
