1780079031104 28.703703703703702 0
1780079062153 51.666666666666664 1
1780079092020 60.925925925925924 2
1780079122281 67.4074074074074 3
1780079152045 73.88888888888889 4
1780079197994 78.70370370370371 5
1780079235172 77.96296296296296 6
1780079245222 80.92592592592592 7
1780079255588 82.4074074074074 8
1780079265955 85.92592592592592 9
1780079295886 87.4074074074074 10
1780079306221 88.14814814814815 11
1780079337465 89.07407407407408 12
1780079370979 91.66666666666667 13
1780079381195 90.0 14
1780079391394 90.74074074074075 15
1780079401645 93.70370370370371 16
1780079411926 95.18518518518519 17
1780079422026 93.70370370370371 18
