1780079031104 1.9999110172776615 0
1780079062153 1.3848198056221008 1
1780079092020 1.1615320128553055 2
1780079122281 0.9921651359866647 3
1780079152045 0.8919113506289089 4
1780079197994 0.7920845922301797 5
1780079235172 0.7948343508383807 6
1780079245222 0.704601154607885 7
1780079255588 0.6497551044997047 8
1780079265955 0.6030476452673182 9
1780079295886 0.5684954690582612 10
1780079306221 0.5404328353264752 11
1780079337465 0.504065759918269 12
1780079370979 0.45140551775693893 13
1780079381195 0.4436308496138629 14
1780079391394 0.4247344478088267 15
1780079401645 0.3647579178214073 16
1780079411926 0.31531983701621785 17
1780079422026 0.3103446022552602 18
