1779975830988 3.358384907245636 0
1779975843377 1.8463210463523865 1
1779975856219 1.598094753921032 2
1779975868422 1.4595865979790688 3
1779975883389 1.271457090973854 4
1779975895775 1.2467551417648792 5
1779975911104 1.1753900796175003 6
1779975925997 1.1920399032533169 7
1779975937982 1.2897506803274155 8
1779975951027 1.1869190372526646 9
1779975963422 0.9911087974905968 10
1779975978330 1.041655708104372 11
1779975991927 0.9347497634589672 12
1779976006468 1.0301191322505474 13
1779976022231 1.078558262437582 14
1779976035145 0.819515984505415 15
1779976048524 1.0119807533919811 16
1779976062438 0.9444186985492706 17
1779976075604 0.817068800330162 18
1779976088981 0.8483114093542099 19
1779976102068 0.8277408666908741 20
1779976114123 0.7410530634224415 21
1779976129086 0.7440770752727985 22
1779976143253 0.7330247666686773 23
1779976168687 0.7339274566620588 24
1779976183463 0.6847256273031235 25
1779976197482 0.6568029280751944 26
1779976210410 0.7917372025549412 27
1779976225278 0.6637879628688097 28
1779976237056 0.6311480086296797 29
