1779975830988 21.980198019801982 0
1779975843377 38.01980198019802 1
1779975856219 44.35643564356435 2
1779975868422 43.366336633663366 3
1779975883389 51.28712871287129 4
1779975895775 52.67326732673267 5
1779975911104 55.04950495049505 6
1779975925997 54.851485148514854 7
1779975937982 52.07920792079208 8
1779975951027 55.24752475247525 9
1779975963422 60.198019801980195 10
1779975978330 60.198019801980195 11
1779975991927 64.15841584158416 12
1779976006468 62.37623762376238 13
1779976022231 64.35643564356435 14
1779976035145 69.70297029702971 15
1779976048524 62.97029702970297 16
1779976062438 63.56435643564357 17
1779976075604 69.3069306930693 18
1779976088981 67.12871287128714 19
1779976102068 67.92079207920793 20
1779976114123 72.27722772277228 21
1779976129086 71.68316831683168 22
1779976143253 72.27722772277228 23
1779976168687 71.2871287128713 24
1779976183463 74.65346534653466 25
1779976197482 76.43564356435644 26
1779976210410 70.29702970297029 27
1779976225278 75.84158415841584 28
1779976237056 74.45544554455445 29
