1780010207191 23.88888888888889 0
1780010220973 36.666666666666664 1
1780010234760 45.74074074074074 2
1780010248195 44.629629629629626 3
1780010260946 49.629629629629626 4
1780010273445 54.25925925925926 5
1780010286645 50.370370370370374 6
1780010302862 54.074074074074076 7
1780010319266 57.03703703703704 8
1780010340582 53.148148148148145 9
1780010359350 59.44444444444444 10
1780010375654 61.2962962962963 11
1780010391884 53.333333333333336 12
1780010406379 57.03703703703704 13
1780010418711 59.44444444444444 14
1780010435771 61.2962962962963 15
1780010448845 60.370370370370374 16
1780010463369 63.51851851851852 17
