1780010207191 3.0246385967030243 0
1780010220973 1.9036144509034998 1
1780010234760 1.5133831606191748 2
1780010248195 1.4359882158391617 3
1780010260946 1.3665447305230534 4
1780010273445 1.268765207599191 5
1780010286645 1.3567189398933859 6
1780010302862 1.2148333191871643 7
1780010319266 1.1582116204149582 8
1780010340582 1.2716551072457258 9
1780010359350 1.1394811658298267 10
1780010375654 1.1101611466968762 11
1780010391884 1.216016965753892 12
1780010406379 1.086705611032598 13
1780010418711 1.081186592578888 14
1780010435771 1.042070984840393 15
1780010448845 1.048396341940936 16
1780010463369 1.0154325541327982 17
