1780073552965 35.0 0
1780073598821 54.074074074074076 1
1780073641917 59.81481481481482 2
1780073685833 65.37037037037037 3
1780073702178 67.5925925925926 4
1780073714581 67.77777777777777 5
1780073749622 73.51851851851852 6
1780073761008 75.37037037037037 7
1780073776377 76.85185185185185 8
1780073821581 81.29629629629629 9
1780073861928 79.44444444444444 10
1780073874592 81.48148148148148 11
1780073908643 82.4074074074074 12
1780073922765 83.33333333333333 13
1780073964307 86.29629629629629 14
1780074031777 87.03703703703704 15
1780074043554 87.5925925925926 16
1780074055130 86.11111111111111 17
1780074067593 86.66666666666667 18
1780074079641 90.18518518518519 19
1780074091054 90.55555555555556 20
