1780073552965 1.7658681922099169 0
1780073598821 1.2699459458098692 1
1780073641917 1.1098673676743227 2
1780073685833 0.9863105153336245 3
1780073702178 0.9074651896953583 4
1780073714581 0.8865900933742523 5
1780073749622 0.7932252910207299 6
1780073761008 0.6920417573522119 7
1780073776377 0.671321369269315 8
1780073821581 0.6111944659667856 9
1780073861928 0.6240690622259589 10
1780073874592 0.5417074683834525 11
1780073908643 0.5263071244253832 12
1780073922765 0.49790676113437204 13
1780073964307 0.44374168269774494 14
1780074031777 0.397074055584038 15
1780074043554 0.40974705447168913 16
1780074055130 0.4254995137453079 17
1780074067593 0.3892401200445259 18
1780074079641 0.33320962506182056 19
1780074091054 0.3075750029700644 20
