1780088402800 29.814814814814813 0
1780088446514 44.81481481481482 1
1780088484216 52.407407407407405 2
1780088531695 53.333333333333336 3
1780088544264 59.074074074074076 4
1780088558548 59.44444444444444 5
1780088596784 59.44444444444444 6
1780088647504 63.51851851851852 7
1780088695372 66.11111111111111 8
1780088706092 66.85185185185185 9
1780088719009 69.25925925925925 10
1780088733334 73.14814814814815 11
1780088783259 70.74074074074075 12
1780088825119 73.14814814814815 13
1780088837649 73.33333333333333 14
1780088871294 75.74074074074075 15
1780088883152 74.44444444444444 16
1780088893745 74.07407407407408 17
1780088904660 78.70370370370371 18
1780088915648 73.88888888888889 19
