1780088402800 1.8811344434233273 0
1780088446514 1.5447266768006718 1
1780088484216 1.37968348755556 2
1780088531695 1.2658993969945347 3
1780088544264 1.1741445380098678 4
1780088558548 1.1243210820590748 5
1780088596784 1.093905533061308 6
1780088647504 1.0083392332581913 7
1780088695372 0.9781389990273643 8
1780088706092 0.9532566193272086 9
1780088719009 0.8715139417087331 10
1780088733334 0.7776817469035878 11
1780088783259 0.839001748491736 12
1780088825119 0.792816805488923 13
1780088837649 0.7943009891930748 14
1780088871294 0.7406805070007548 15
1780088883152 0.7421872063594706 16
1780088893745 0.746471081586445 17
1780088904660 0.626305565237999 18
1780088915648 0.7046335155473036 19
