1779978206802 25.742574257425744 0
1779978223752 36.83168316831683 1
1779978236396 41.78217821782178 2
1779978249160 45.742574257425744 3
1779978260660 51.48514851485149 4
1779978274789 52.475247524752476 5
1779978292053 53.26732673267327 6
1779978306055 55.84158415841584 7
1779978318854 57.82178217821782 8
1779978332461 57.62376237623762 9
1779978345193 62.772277227722775 10
1779978357197 62.97029702970297 11
1779978369826 66.53465346534654 12
1779978385851 60.59405940594059 13
1779978398919 64.55445544554455 14
1779978411016 61.18811881188119 15
1779978424540 66.13861386138613 16
1779978438716 60.396039603960396 17
1779978450249 68.51485148514851 18
1779978464081 63.960396039603964 19
1779978475863 70.29702970297029 20
1779978487664 69.10891089108911 21
1779978500611 73.26732673267327 22
1779978514810 69.5049504950495 23
1779978529596 73.46534653465346 24
1779978541837 73.06930693069307 25
1779978554655 73.86138613861387 26
1779978566857 77.22772277227723 27
1779978580611 76.03960396039604 28
1779978594224 77.42574257425743 29
