1779978206802 3.5418828278779984 0
1779978223752 1.8812403976917267 1
1779978236396 1.6203718408942223 2
1779978249160 1.527702733874321 3
1779978260660 1.3303514644503593 4
1779978274789 1.2519941553473473 5
1779978292053 1.1907000951468945 6
1779978306055 1.1076294928789139 7
1779978318854 1.0987783633172512 8
1779978332461 1.0618781745433807 9
1779978345193 0.9648384675383568 10
1779978357197 0.9784750193357468 11
1779978369826 0.9300591945648193 12
1779978385851 1.012848388403654 13
1779978398919 0.9465268477797508 14
1779978411016 1.0619831681251526 15
1779978424540 0.9712482690811157 16
1779978438716 0.9415314979851246 17
1779978450249 0.8722963184118271 18
1779978464081 0.9300027787685394 19
1779978475863 0.7621233277022839 20
1779978487664 0.9109924659132957 21
1779978500611 0.7813414596021175 22
1779978514810 0.8008027449250221 23
1779978529596 0.6755661107599735 24
1779978541837 0.7427100501954556 25
1779978554655 0.682369165122509 26
1779978566857 0.582933971658349 27
1779978580611 0.5947399772703648 28
1779978594224 0.5804537776857615 29
