1779395880737 1.8938913562081077 0
1779395895432 1.6552459814331748 1
1779395908061 1.5519559654322537 2
1779395921323 1.480132368477908 3
1779395938987 1.4275605516000227 4
1779395953327 1.3888799331404946 5
1779395966112 1.3424475626512007 6
1779395978698 1.3213826797225259 7
1779395991792 1.3037562803788618 8
1779396004518 1.245301289991899 9
1779396017403 1.246468571099368 10
1779396030410 1.1949103393337943 11
1779396043505 1.177722844210538 12
1779396056345 1.1893217672001233 13
1779396069073 1.1619693528522144 14
1779396083806 1.1342539814385502 15
1779396097068 1.1349141922864048 16
1779396109877 1.104675978422165 17
1779396122756 1.104141958735206 18
1779396135364 1.0718495114283129 19
1779396150813 1.0525131767446345 20
1779396168114 1.044637842611833 21
1779396184927 1.0100951221856205 22
1779396200931 1.0288731970570304 23
1779396221429 1.0145584724166177 24
