1779395880737 34.05172413793103 0
1779395895432 43.10344827586207 1
1779395908061 47.98850574712644 2
1779395921323 51.293103448275865 3
1779395938987 53.160919540229884 4
1779395953327 53.5919540229885 5
1779395966112 54.02298850574713 6
1779395978698 56.03448275862069 7
1779395991792 55.747126436781606 8
1779396004518 60.201149425287355 9
1779396017403 59.48275862068966 10
1779396030410 60.05747126436781 11
1779396043505 61.206896551724135 12
1779396056345 62.21264367816092 13
1779396069073 61.7816091954023 14
1779396083806 61.49425287356322 15
1779396097068 63.64942528735632 16
1779396109877 63.50574712643678 17
1779396122756 62.78735632183908 18
1779396135364 62.93103448275862 19
1779396150813 65.66091954022988 20
1779396168114 66.0919540229885 21
1779396184927 67.816091954023 22
1779396200931 64.79885057471265 23
1779396221429 67.38505747126437 24
