1780076870412 1.9607636998681461 0
1780076915629 1.5722898069550009 1
1780076964472 1.3971787743708666 2
1780076975971 1.3537186454324162 3
1780076989587 1.2961479074814741 4
1780077001262 1.2033898812883042 5
1780077035867 1.2252819730955011 6
1780077072010 1.158528611940496 7
1780077085424 1.1596269958159502 8
1780077122363 1.0884931666009567 9
1780077133663 1.054103870602215 10
1780077168592 0.9902159396339866 11
1780077200223 1.0014181417577408 12
1780077231471 0.9519951553905711 13
1780077242785 0.9265134054071763 14
1780077273816 0.9835646783604342 15
1780077284865 0.9787732993855196 16
1780077316446 0.9333997246097115 17
1780077347930 0.8855568889309379 18
1780077358761 0.8422216176986694 19
1780077369846 0.8955724274410921 20
1780077380777 0.7727797276833478 21
1780077391911 0.7976270616054535 22
1780077402985 0.7727929853341159 23
