1780076870412 31.48148148148148 0
1780076915629 41.48148148148148 1
1780076964472 48.888888888888886 2
1780076975971 48.333333333333336 3
1780076989587 51.48148148148148 4
1780077001262 55.370370370370374 5
1780077035867 54.44444444444444 6
1780077072010 55.370370370370374 7
1780077085424 56.111111111111114 8
1780077122363 60.18518518518518 9
1780077133663 59.44444444444444 10
1780077168592 62.03703703703704 11
1780077200223 62.22222222222222 12
1780077231471 64.62962962962963 13
1780077242785 66.29629629629629 14
1780077273816 63.51851851851852 15
1780077284865 64.81481481481481 16
1780077316446 63.888888888888886 17
1780077347930 67.03703703703704 18
1780077358761 67.22222222222223 19
1780077369846 68.33333333333333 20
1780077380777 73.14814814814815 21
1780077391911 71.11111111111111 22
1780077402985 72.4074074074074 23
