1780080593193 23.14814814814815 0
1780080623738 42.03703703703704 1
1780080634243 48.7037037037037 2
1780080665155 52.03703703703704 3
1780080695566 53.148148148148145 4
1780080706332 53.148148148148145 5
1780080717031 56.2962962962963 6
1780080747478 57.77777777777778 7
1780080777785 59.44444444444444 8
1780080788346 60.18518518518518 9
1780080799113 62.03703703703704 10
1780080809693 62.407407407407405 11
1780080841258 65.74074074074075 12
1780080853524 66.48148148148148 13
1780085125790 62.77777777777778 14
1780085150218 67.22222222222223 15
1780085162932 67.96296296296296 16
1780085174782 66.66666666666667 17
