1780080593193 2.060057114152347 0
1780080623738 1.6707725104163675 1
1780080634243 1.5035009349093718 2
1780080665155 1.4402058825773352 3
1780080695566 1.3513363985454334 4
1780080706332 1.2912020262549906 5
1780080717031 1.2741750794298508 6
1780080747478 1.2079245728604935 7
1780080777785 1.1390326636679031 8
1780080788346 1.1144106265376597 9
1780080799113 1.0935243596048916 10
1780080809693 1.084635417251026 11
1780080841258 1.0207763331777908 12
1780080853524 1.0175319576964659 13
1780085125790 1.0043452487272375 14
1780085150218 0.95547916784006 15
1780085162932 0.9533599211889154 16
1780085174782 0.945488773724612 17
