1780089188304 31.666666666666668 0
1780089229773 50.0 1
1780089247262 56.2962962962963 2
1780089286203 60.925925925925924 3
1780089300371 63.148148148148145 4
1780089314914 69.62962962962963 5
1780089326456 72.03703703703704 6
1780089337962 75.18518518518519 7
1780089370910 72.22222222222223 8
1780089403164 75.74074074074075 9
1780089415023 76.66666666666667 10
1780089426556 76.66666666666667 11
1780089439789 81.11111111111111 12
1780089471155 81.48148148148148 13
1780089482418 79.44444444444444 14
1780089493517 80.55555555555556 15
1780089504503 83.14814814814815 16
1780089515216 81.85185185185185 17
