1780089188304 1.9193476578768562 0
1780089229773 1.466158993103925 1
1780089247262 1.2369345601867228 2
1780089286203 1.1329042631037094 3
1780089300371 1.0522282106034897 4
1780089314914 0.911702787174898 5
1780089326456 0.8343504080001045 6
1780089337962 0.7912355643861434 7
1780089370910 0.8113405257463455 8
1780089403164 0.7187227335046319 9
1780089415023 0.674750301767798 10
1780089426556 0.6854700279586455 11
1780089439789 0.5844784931224936 12
1780089471155 0.5727041460135404 13
1780089482418 0.5970755587605869 14
1780089493517 0.5276711714618346 15
1780089504503 0.521572545170784 16
1780089515216 0.5691462194218355 17
