1780011148395 3.054691560128156 0
1780011166399 1.9341793971903183 1
1780011181679 1.5900783608941471 2
1780011197201 1.4030355846180635 3
1780011214512 1.437311607248643 4
1780011230070 1.382339375860551 5
1780011251230 1.2991519430104423 6
1780011269553 1.2796218395233154 7
1780011289427 1.408008642056409 8
1780011309782 1.29314584942425 9
1780011326334 1.2847459877238554 10
1780011343033 1.1649754257763134 11
1780011361344 1.1342828343896305 12
1780011376951 1.1909608981188606 13
1780011413600 1.1029361766927384 14
1780011431132 1.063469111919403 15
1780011453237 1.0700482550789328 16
1780011475240 1.0776260039385628 17
1780011500990 1.0594385196180904 18
1780011515690 0.9925823667470146 19
1780011531087 0.974424726822797 20
1780011553812 0.9765120779766756 21
1780011573362 1.0141733919872957 22
