1780011148395 24.814814814814813 0
1780011166399 35.55555555555556 1
1780011181679 42.03703703703704 2
1780011197201 45.370370370370374 3
1780011214512 43.7037037037037 4
1780011230070 45.55555555555556 5
1780011251230 48.7037037037037 6
1780011269553 53.148148148148145 7
1780011289427 54.81481481481482 8
1780011309782 51.48148148148148 9
1780011326334 51.48148148148148 10
1780011343033 58.148148148148145 11
1780011361344 53.148148148148145 12
1780011376951 55.0 13
1780011413600 59.074074074074076 14
1780011431132 59.81481481481482 15
1780011453237 62.407407407407405 16
1780011475240 58.148148148148145 17
1780011500990 59.81481481481482 18
1780011515690 61.666666666666664 19
1780011531087 62.03703703703704 20
1780011553812 62.407407407407405 21
1780011573362 61.666666666666664 22
