1779395303621 1.8702640533447266 0
1779395322106 1.6546559062871067 1
1779395338844 1.5765622041442178 2
1779395358342 1.497441985390403 3
1779395375911 1.4284962903369556 4
1779395393553 1.3864341378211975 5
1779395413588 1.3327533385970376 6
1779395431491 1.3112675872716038 7
1779395449970 1.2724687619642778 8
1779395469424 1.2839564626867122 9
1779395488138 1.2457684603604404 10
1779395506072 1.228494327176701 11
1779395525522 1.190588728948073 12
1779395544189 1.1563901874152096 13
1779395561734 1.1385497775944797 14
1779395577439 1.1392169513485648 15
1779395595374 1.1044954440810464 16
1779395612418 1.1005002341487191 17
1779395629000 1.0893173813819885 18
1779395645008 1.0733784193342382 19
1779395660675 1.0427480638027191 20
1779395675304 1.0587287924506448 21
1779395691405 1.0432361093434421 22
1779395707503 1.0587427751584486 23
1779395722903 1.0177416313778271 24
