1779395303621 35.3448275862069 0
1779395322106 43.67816091954023 1
1779395338844 48.41954022988506 2
1779395358342 50.43103448275862 3
1779395375911 51.724137931034484 4
1779395393553 53.304597701149426 5
1779395413588 55.747126436781606 6
1779395431491 56.46551724137931 7
1779395449970 60.632183908045974 8
1779395469424 57.47126436781609 9
1779395488138 58.04597701149425 10
1779395506072 60.632183908045974 11
1779395525522 59.91379310344828 12
1779395544189 62.06896551724138 13
1779395561734 61.206896551724135 14
1779395577439 62.64367816091954 15
1779395595374 64.94252873563218 16
1779395612418 64.22413793103448 17
1779395629000 65.3735632183908 18
1779395645008 63.50574712643678 19
1779395660675 63.9367816091954 20
1779395675304 65.94827586206897 21
1779395691405 65.22988505747126 22
1779395707503 64.79885057471265 23
1779395722903 63.9367816091954 24
