1780090017367 1.787314565742717 0
1780090050670 1.4290771344128776 1
1780090080953 1.2987037476371317 2
1780090111889 1.2252761791734135 3
1780090142707 1.1205016076564789 4
1780090153595 1.0721193622140324 5
1780090184667 0.9996717782581553 6
1780090195591 1.0234113177832436 7
1780090206471 0.9563697646645939 8
1780090217540 0.9501107422744527 9
1780090247432 0.9617947103346095 10
1780090278592 0.9254296982989592 11
1780090290097 0.8692651496214026 12
1780090300864 0.8223794085137984 13
1780090311613 0.7982493104303584 14
1780090322770 0.8334897949415094 15
