1780090017367 35.74074074074074 0
1780090050670 48.333333333333336 1
1780090080953 49.81481481481482 2
1780090111889 55.0 3
1780090142707 57.77777777777778 4
1780090153595 60.18518518518518 5
1780090184667 62.77777777777778 6
1780090195591 63.333333333333336 7
1780090206471 64.25925925925925 8
1780090217540 63.888888888888886 9
1780090247432 65.74074074074075 10
1780090278592 66.29629629629629 11
1780090290097 68.88888888888889 12
1780090300864 70.18518518518519 13
1780090311613 72.5925925925926 14
1780090322770 70.55555555555556 15
