1780020392343 35.925925925925924 0
1780020407566 46.48148148148148 1
1780020423660 49.074074074074076 2
1780020444738 55.18518518518518 3
1780020464370 55.18518518518518 4
1780020482777 60.370370370370374 5
1780020501792 59.629629629629626 6
1780020524892 64.62962962962963 7
1780020549280 62.03703703703704 8
1780020572392 66.66666666666667 9
1780020601372 67.03703703703704 10
1780020622471 66.85185185185185 11
1780020639040 66.48148148148148 12
1780020662865 67.22222222222223 13
1780020684144 67.4074074074074 14
1780020704545 68.33333333333333 15
