1780020392343 1.7766008774439495 0
1780020407566 1.4498003986146715 1
1780020423660 1.3427321513493855 2
1780020444738 1.2185385094748602 3
1780020464370 1.1805437008539836 4
1780020482777 1.0710788898997836 5
1780020501792 1.0754079553816054 6
1780020524892 1.0000102255079482 7
1780020549280 0.9750446081161499 8
1780020572392 0.9477261039945815 9
1780020601372 0.8757700257831149 10
1780020622471 0.8905392487843832 11
1780020639040 0.853453516960144 12
1780020662865 0.875496506690979 13
1780020684144 0.848982122209337 14
1780020704545 0.8354993330107795 15
