1780092075069 1.930066820453195 0
1780092107337 1.5772639828569748 1
1780092139592 1.4623311968410717 2
1780092171356 1.351759672164917 3
1780092203720 1.2753621760536642 4
1780092214736 1.2044258924091564 5
1780092246907 1.149743998751921 6
1780092279883 1.100330328240114 7
1780092291151 1.1096912832821118 8
1780092324228 1.0350571923396166 9
1780092369646 0.9980823800844305 10
1780092381601 0.9672891357365776 11
1780092396542 0.990721683291828 12
1780092432424 0.9466455982011908 13
1780092443370 0.9149658434531268 14
1780092474084 0.8694738868404838 15
1780092485069 0.8834706141668207 16
1780092519597 0.8470797766657436 17
1780092552556 0.8356441574938157 18
1780092563961 0.8010939955711365 19
1780092575292 0.7577940891770756 20
1780092607607 0.7859548409195507 21
1780092619549 0.7239790313384112 22
1780092630618 0.739020956789746 23
1780092642282 0.7359373823684805 24
1780092653389 0.7267682631226147 25
