1780092075069 31.296296296296298 0
1780092107337 43.888888888888886 1
1780092139592 50.74074074074074 2
1780092171356 55.74074074074074 3
1780092203720 57.77777777777778 4
1780092214736 59.074074074074076 5
1780092246907 61.48148148148148 6
1780092279883 61.48148148148148 7
1780092291151 61.666666666666664 8
1780092324228 66.29629629629629 9
1780092369646 65.55555555555556 10
1780092381601 71.29629629629629 11
1780092396542 67.22222222222223 12
1780092432424 68.51851851851852 13
1780092443370 69.81481481481481 14
1780092474084 70.92592592592592 15
1780092485069 71.29629629629629 16
1780092519597 74.07407407407408 17
1780092552556 70.92592592592592 18
1780092563961 73.70370370370371 19
1780092575292 76.29629629629629 20
1780092607607 75.37037037037037 21
1780092619549 79.07407407407408 22
1780092630618 75.74074074074075 23
1780092642282 75.55555555555556 24
1780092653389 75.92592592592592 25
