1780078756410 1.8761712978867924 0
1780078786493 1.4093051693018745 1
1780078816225 1.2260014064171736 2
1780078826281 1.0687602548038257 3
1780078836507 0.937065064907074 4
1780078866356 0.8147038046051475 5
1780078876432 0.7469795819591073 6
1780078886781 0.6364024237674826 7
1780078916949 0.5737357069464291 8
1780078926962 0.49359361564411836 9
1780078937228 0.45110707160304575 10
1780078968226 0.36230631479445624 11
1780078978562 0.32236647211453495 12
1780078988707 0.2942139620290083 13
1780078999010 0.2713356184608796 14
1780079009472 0.2753715041805716 15
1780079019755 0.2110954488024992 16
