1780078756410 33.888888888888886 0
1780078786493 56.666666666666664 1
1780078816225 65.0 2
1780078826281 71.66666666666667 3
1780078836507 76.85185185185185 4
1780078866356 81.29629629629629 5
1780078876432 83.14814814814815 6
1780078886781 86.11111111111111 7
1780078916949 89.07407407407408 8
1780078926962 91.48148148148148 9
1780078937228 92.96296296296296 10
1780078968226 94.62962962962963 11
1780078978562 95.74074074074075 12
1780078988707 95.74074074074075 13
1780078999010 96.48148148148148 14
1780079009472 95.92592592592592 15
1780079019755 98.14814814814815 16
