1780007526357 3.398364410680883 0
1780007555443 2.062510602614459 1
1780007582139 1.6021427967969109 2
1780007613303 1.4151617218466366 3
1780007638347 1.2599642697502584 4
1780007651151 1.3176757482921375 5
1780007674284 1.1665691347683178 6
1780007686233 1.0620409355444067 7
1780007712207 1.0233331217485315 8
1780007724330 0.9524928401498234 9
1780007739052 1.0246499566470875 10
1780007756514 0.9544597162919886 11
1780007782609 0.8717367543893701 12
1780007795302 0.8904645548147314 13
1780007807062 0.8835272578632131 14
1780007819264 0.8320958403980031 15
1780007831802 0.8840356223723468 16
