1780007526357 24.814814814814813 0
1780007555443 37.22222222222222 1
1780007582139 44.44444444444444 2
1780007613303 49.629629629629626 3
1780007638347 54.25925925925926 4
1780007651151 55.0 5
1780007674284 57.407407407407405 6
1780007686233 61.111111111111114 7
1780007712207 63.51851851851852 8
1780007724330 62.407407407407405 9
1780007739052 59.44444444444444 10
1780007756514 67.03703703703704 11
1780007782609 67.4074074074074 12
1780007795302 63.7037037037037 13
1780007807062 66.48148148148148 14
1780007819264 68.88888888888889 15
1780007831802 68.70370370370371 16
