1779842554206 1.8271510059183294 0
1779842588854 1.4518721212040295 1
1779842600285 1.298207624392076 2
1779842611522 1.155649477785284 3
1779842647550 1.0495803708379918 4
1779842679139 0.9934055290438912 5
1779842690430 0.9304372912103479 6
1779842701812 0.9057854088869962 7
1779842713167 0.8544584025036205 8
1779842744575 0.8745380369099703 9
1779842755791 0.8115631639957428 10
1779842767090 0.7791383808309381 11
1779842798456 0.7174459858374163 12
1779842809988 0.7182259451259266 13
1779842820970 0.6945281760259108 14
1779842832036 0.7292704744772478 15
1779842843502 0.6191740713336251 16
1779842854667 0.6704779754985463 17
