1779842554206 34.388489208633096 0
1779842588854 47.76978417266187 1
1779842600285 51.07913669064748 2
1779842611522 56.69064748201439 3
1779842647550 63.597122302158276 4
1779842679139 61.29496402877698 5
1779842690430 67.19424460431655 6
1779842701812 66.4748201438849 7
1779842713167 69.06474820143885 8
1779842744575 67.62589928057554 9
1779842755791 69.06474820143885 10
1779842767090 71.65467625899281 11
1779842798456 74.38848920863309 12
1779842809988 75.97122302158273 13
1779842820970 75.53956834532374 14
1779842832036 73.38129496402878 15
1779842843502 79.42446043165468 16
1779842854667 75.97122302158273 17
