1779890618764 31.366906474820144 0
1779890640881 46.906474820143885 1
1779890661025 49.49640287769784 2
1779890677244 52.0863309352518 3
1779890694607 55.25179856115108 4
1779890710005 53.23741007194245 5
1779890725032 55.827338129496404 6
1779890739023 59.42446043165467 7
1779890753016 60.28776978417266 8
1779890765379 59.280575539568346 9
1779890777686 59.568345323741006 10
1779890791918 61.15107913669065 11
1779890807323 62.73381294964029 12
1779890825314 63.7410071942446 13
1779890842299 63.45323741007194 14
1779890860661 63.7410071942446 15
1779890878431 64.1726618705036 16
1779890893308 66.0431654676259 17
1779890907043 66.33093525179856 18
1779890920711 65.32374100719424 19
