1779890618764 1.8362754745916887 0
1779890640881 1.5850152969360352 1
1779890661025 1.4918460737575183 2
1779890677244 1.4143768765709617 3
1779890694607 1.3223727562210776 4
1779890710005 1.2980121699246494 5
1779890725032 1.2619953155517578 6
1779890739023 1.2036421461538835 7
1779890753016 1.1781020896001295 8
1779890765379 1.1491565325043418 9
1779890777686 1.152975250374187 10
1779890791918 1.1385989405892112 11
1779890807323 1.0751164311712438 12
1779890825314 1.053997584364631 13
1779890842299 1.036589646881277 14
1779890860661 1.0582081702622501 15
1779890878431 1.0438561547886243 16
1779890893308 1.0317318845878949 17
1779890907043 1.0074061913923784 18
1779890920711 1.028373192657124 19
