1779844307712 1.6478273543444546 0
1779844340226 1.2801774062893607 1
1779844372590 1.1013182699680328 2
1779844405972 0.9445441338148984 3
1779844418545 0.8163681517947804 4
1779844430953 0.7367859238928015 5
1779844444468 0.6502249105410143 6
1779844457434 0.567313633181832 7
1779844491482 0.5367805632677946 8
1779844504115 0.44989747350866144 9
1779844516794 0.34761617468162015 10
1779844529146 0.32138041948730295 11
1779844541728 0.23489679938012903 12
1779844574342 0.24497974460775201 13
1779844586665 0.2463532476262613 14
1779844598857 0.275533123111183 15
1779844611640 0.20707864890044386 16
1779844624189 0.16491924395615404 17
1779844636738 0.1943398080766201 18
