1779844307712 40.28776978417266 0
1779844340226 52.94964028776978 1
1779844372590 58.84892086330935 2
1779844405972 66.61870503597122 3
1779844418545 72.23021582733813 4
1779844430953 75.53956834532374 5
1779844444468 79.42446043165468 6
1779844457434 81.29496402877697 7
1779844491482 81.72661870503597 8
1779844504115 84.60431654676259 9
1779844516794 90.50359712230215 10
1779844529146 90.07194244604317 11
1779844541728 94.67625899280576 12
1779844574342 92.94964028776978 13
1779844586665 92.94964028776978 14
1779844598857 91.65467625899281 15
1779844611640 93.9568345323741 16
1779844624189 95.39568345323741 17
1779844636738 94.38848920863309 18
