1780014786036 32.03703703703704 0
1780014800388 44.44444444444444 1
1780014813687 45.18518518518518 2
1780014828033 48.333333333333336 3
1780014843400 51.666666666666664 4
1780014858144 50.925925925925924 5
1780014870917 51.48148148148148 6
1780014886912 54.81481481481482 7
1780014901526 54.25925925925926 8
1780014919410 55.0 9
1780014934751 56.2962962962963 10
1780014946554 55.0 11
1780014958841 59.074074074074076 12
1780014973142 55.0 13
1780014987151 58.7037037037037 14
1780015000150 61.48148148148148 15
1780015013832 59.25925925925926 16
1780015028567 57.22222222222222 17
1780015041629 56.48148148148148 18
1780015054164 56.851851851851855 19
1780015066339 60.74074074074074 20
