1780014786036 1.9061895819271313 0
1780014800388 1.6142857916214888 1
1780014813687 1.4617733254152185 2
1780014828033 1.3893162643208223 3
1780014843400 1.330106440712424 4
1780014858144 1.284319982809179 5
1780014870917 1.258264794069178 6
1780014886912 1.2257842737085678 7
1780014901526 1.206646435401019 8
1780014919410 1.1494577842600204 9
1780014934751 1.1128752126413233 10
1780014946554 1.160227235625772 11
1780014958841 1.136431147070492 12
1780014973142 1.147144110763774 13
1780014987151 1.0925219549852259 14
1780015000150 1.0969920929740458 15
1780015013832 1.1118509383762585 16
1780015028567 1.1128646731376648 17
1780015041629 1.1157877375097836 18
1780015054164 1.1136291728300207 19
1780015066339 1.0762129811679615 20
