1780013912148 3.007708086686976 0
1780013925540 2.14001562314875 1
1780013937845 1.7832504020017736 2
1780013951811 1.831259243628558 3
1780013965026 1.652677199419807 4
1780013977580 1.601656759486479 5
1780013990141 1.4498232532950008 6
1780014003975 1.5031943812089807 7
1780014017122 1.3462514386457556 8
1780014029622 1.3641283512115479 9
1780014042503 1.4505044011508716 10
1780014054766 1.4027265906333923 11
1780014067701 1.4194280259749468 12
1780014080784 1.4325000959284164 13
1780014093650 1.349205444840824 14
1780014106547 1.2579201354699976 15
1780014122498 1.310490937793956 16
