1780013912148 24.444444444444443 0
1780013925540 31.85185185185185 1
1780013937845 37.22222222222222 2
1780013951811 39.629629629629626 3
1780013965026 43.7037037037037 4
1780013977580 37.77777777777778 5
1780013990141 46.666666666666664 6
1780014003975 45.370370370370374 7
1780014017122 47.592592592592595 8
1780014029622 47.592592592592595 9
1780014042503 45.925925925925924 10
1780014054766 45.925925925925924 11
1780014067701 43.888888888888886 12
1780014080784 46.851851851851855 13
1780014093650 49.074074074074076 14
1780014106547 51.2962962962963 15
1780014122498 49.25925925925926 16
