1780085990690 2.1486673565471874 0
1780086023075 1.598672190133263 1
1780086055068 1.3951397012261784 2
1780086086853 1.3063829243183136 3
1780086118030 1.2639002344187569 4
1780086149931 1.2331547912429361 5
1780086161011 1.1896576250300688 6
1780086192242 1.0459961768458872 7
1780086203391 1.0217566560296452 8
1780086214424 1.039636557593065 9
1780086252902 0.928017638185445 10
1780086265193 0.941593142116771 11
1780086296501 0.8955541779013241 12
1780086327548 0.8573535128551371 13
1780086358232 0.8751712458975175 14
1780086368931 0.8461170950356651 15
1780086379632 0.7924309898825252 16
1780086411132 0.7781001855345333 17
1780086422691 0.7469200456843657 18
1780086433374 0.7381907184334362 19
1780086444023 0.7247373707154218 20
1780086454922 0.7422967614496455 21
1780086465738 0.7052586324074689 22
