1780085990690 23.88888888888889 0
1780086023075 43.148148148148145 1
1780086055068 52.22222222222222 2
1780086086853 54.44444444444444 3
1780086118030 57.592592592592595 4
1780086149931 56.666666666666664 5
1780086161011 58.888888888888886 6
1780086192242 67.22222222222223 7
1780086203391 64.07407407407408 8
1780086214424 63.888888888888886 9
1780086252902 70.74074074074075 10
1780086265193 69.07407407407408 11
1780086296501 72.96296296296296 12
1780086327548 72.77777777777777 13
1780086358232 72.96296296296296 14
1780086368931 72.5925925925926 15
1780086379632 76.11111111111111 16
1780086411132 74.25925925925925 17
1780086422691 76.85185185185185 18
1780086433374 77.03703703703704 19
1780086444023 76.85185185185185 20
1780086454922 75.55555555555556 21
1780086465738 76.48148148148148 22
