1780019409020 31.48148148148148 0
1780019421563 42.407407407407405 1
1780019435890 50.370370370370374 2
1780019447710 53.7037037037037 3
1780019460371 53.333333333333336 4
1780019472625 57.22222222222222 5
1780019485219 57.22222222222222 6
1780019497890 60.74074074074074 7
1780019509889 60.55555555555556 8
1780019522162 65.37037037037037 9
1780019534258 62.03703703703704 10
1780019546791 64.44444444444444 11
1780019559738 66.66666666666667 12
1780019572486 66.11111111111111 13
1780019585898 70.0 14
1780019597817 67.5925925925926 15
1780019610807 68.70370370370371 16
1780019622647 68.51851851851852 17
1780019634780 72.4074074074074 18
1780019648197 73.33333333333333 19
1780019660861 71.85185185185185 20
1780019676077 71.85185185185185 21
1780019693856 72.5925925925926 22
