1780019409020 1.87401368882921 0
1780019421563 1.536658141348097 1
1780019435890 1.4133430454466078 2
1780019447710 1.3033430973688762 3
1780019460371 1.203107886844211 4
1780019472625 1.180877923965454 5
1780019485219 1.1160519189304776 6
1780019497890 1.0962651703092787 7
1780019509889 1.0503790312343173 8
1780019522162 0.9791771305931939 9
1780019534258 1.00216939051946 10
1780019546791 0.9727442198329501 11
1780019559738 0.9292080269919502 12
1780019572486 0.9006186260117425 13
1780019585898 0.8620158698823717 14
1780019597817 0.8318269186549716 15
1780019610807 0.8296532366010878 16
1780019622647 0.8243838085068597 17
1780019634780 0.8037053081724379 18
1780019648197 0.7647691633966234 19
1780019660861 0.7884213527043661 20
1780019676077 0.7758893900447421 21
1780019693856 0.7814761996269226 22
