1780093390584 1.9639940822825712 0
1780093422781 1.658179479486802 1
1780093454596 1.5128348995657528 2
1780093466028 1.3895644685801338 3
1780093498730 1.344452111160054 4
1780093510025 1.277581481372609 5
1780093542373 1.2561101930982925 6
1780093553809 1.1789376244825476 7
1780093585886 1.1329442981411428 8
1780093597069 1.121392910971361 9
1780093643449 1.0793065744287826 10
1780093658640 1.0846938087659723 11
1780093669480 1.0319583433515884 12
1780093683129 0.9865470230579376 13
1780093697650 0.9768514545524821 14
1780093738676 0.9289999797063715 15
1780093752125 0.9586187671212589 16
1780093796739 0.9108370034133687 17
1780093810237 0.8734667756978203 18
1780093822857 0.8737082174595665 19
1780093836002 0.8130933984237558 20
1780093849567 0.8195981733939227 21
