1780093390584 28.88888888888889 0
1780093422781 44.074074074074076 1
1780093454596 47.96296296296296 2
1780093466028 54.25925925925926 3
1780093498730 53.148148148148145 4
1780093510025 56.48148148148148 5
1780093542373 55.0 6
1780093553809 60.74074074074074 7
1780093585886 62.592592592592595 8
1780093597069 61.111111111111114 9
1780093643449 64.81481481481481 10
1780093658640 65.0 11
1780093669480 63.333333333333336 12
1780093683129 66.85185185185185 13
1780093697650 68.70370370370371 14
1780093738676 67.03703703703704 15
1780093752125 65.18518518518519 16
1780093796739 67.96296296296296 17
1780093810237 73.14814814814815 18
1780093822857 70.37037037037037 19
1780093836002 74.07407407407408 20
1780093849567 71.85185185185185 21
