1779840445126 1.7236725958910855 0
1779840496797 1.3785031166943638 1
1779840545136 1.1781771345572039 2
1779840583253 1.0390251170505176 3
1779840623899 0.8964521532708948 4
1779840638012 0.7837776460430839 5
1779840650930 0.7061453651298176 6
1779840661961 0.6639332500371066 7
1779840673243 0.6097526062618602 8
1779840684200 0.5569576810706746 9
1779840715857 0.45848438143730164 10
1779840726842 0.4419009726155888 11
1779840738088 0.4448435333642093 12
1779840749387 0.3644567958333276 13
1779840760487 0.3466888544234363 14
1779840771519 0.2791236557743766 15
