1779840445126 38.273381294964025 0
1779840496797 52.23021582733813 1
1779840545136 58.41726618705036 2
1779840583253 62.589928057553955 3
1779840623899 71.22302158273381 4
1779840638012 74.38848920863309 5
1779840650930 77.41007194244604 6
1779840661961 78.84892086330935 7
1779840673243 82.15827338129496 8
1779840684200 83.59712230215827 9
1779840715857 86.61870503597122 10
1779840726842 87.33812949640287 11
1779840738088 85.89928057553956 12
1779840749387 89.35251798561151 13
1779840760487 90.35971223021583 14
1779840771519 91.51079136690647 15
