1780071716671 36.111111111111114 0
1780071727300 49.629629629629626 1
1780071738103 53.888888888888886 2
1780071750820 59.25925925925926 3
1780071761588 59.44444444444444 4
1780071772433 61.2962962962963 5
1780071782916 61.666666666666664 6
1780071793276 64.07407407407408 7
1780071804098 62.03703703703704 8
1780071815182 64.07407407407408 9
1780071827429 65.18518518518519 10
1780071841162 65.55555555555556 11
1780071851316 71.29629629629629 12
1780071863970 69.44444444444444 13
1780071879889 65.92592592592592 14
1780071890672 71.29629629629629 15
1780071903728 72.22222222222223 16
1780071914709 71.48148148148148 17
