1780071716671 1.817393594317966 0
1780071727300 1.418605301115248 1
1780071738103 1.2595491409301758 2
1780071750820 1.1740276482370164 3
1780071761588 1.1165760424402025 4
1780071772433 1.028158273961809 5
1780071782916 1.0242700510554843 6
1780071793276 1.0007831189367506 7
1780071804098 0.9982922938134935 8
1780071815182 0.9530655079417758 9
1780071827429 0.9457850390010409 10
1780071841162 0.930655664867825 11
1780071851316 0.8308505482143826 12
1780071863970 0.9095826811260648 13
1780071879889 0.9565028879377577 14
1780071890672 0.8075978557268778 15
1780071903728 0.7760970062679715 16
1780071914709 0.7604391045040555 17
