1780091732529 1.9134770736974829 0
1780091765336 1.5559185883578133 1
1780091797532 1.411495871403638 2
1780091829986 1.2916857389842762 3
1780091841134 1.2250903967548818 4
1780091873028 1.1688619308611925 5
1780091905583 1.1203249552670647 6
1780091917253 1.0912477111115175 7
1780091928507 1.0276846237042372 8
1780091940456 1.0107779047068428 9
1780091973542 0.9519782294245327 10
1780091984653 0.9385389896000133 11
1780092017183 0.9053705667748171 12
1780092028384 0.8967942157212425 13
1780092040187 0.8792384529815 14
1780092051420 0.7693147580413258 15
1780092063080 0.7886656540281632 16
