1780091732529 27.59259259259259 0
1780091765336 46.2962962962963 1
1780091797532 53.333333333333336 2
1780091829986 56.851851851851855 3
1780091841134 58.7037037037037 4
1780091873028 60.0 5
1780091905583 64.44444444444444 6
1780091917253 61.851851851851855 7
1780091928507 64.81481481481481 8
1780091940456 66.85185185185185 9
1780091973542 69.07407407407408 10
1780091984653 70.37037037037037 11
1780092017183 70.37037037037037 12
1780092028384 71.66666666666667 13
1780092040187 72.5925925925926 14
1780092051420 75.18518518518519 15
1780092063080 74.25925925925925 16
