1780016726294 1.9151196214887831 0
1780016740544 1.6350086397594876 1
1780016752692 1.5091164377000597 2
1780016766623 1.4025979704327054 3
1780016781597 1.3187422619925604 4
1780016795152 1.2482253975338407 5
1780016808972 1.2622047265370686 6
1780016820071 1.1650279362996419 7
1780016831253 1.208849549293518 8
1780016842485 1.1158378455373976 9
1780016855052 1.1450748244921367 10
1780016867297 1.134931378894382 11
1780016878532 1.1085902055104573 12
1780016889766 1.0705623428026836 13
1780016903126 1.0562355253431532 14
1780016917229 1.0514159599939983 15
1780016937071 0.9686796466509501 16
1780016952338 1.0670608679453533 17
1780016964545 0.9962070849206712 18
