1780016726294 30.74074074074074 0
1780016740544 40.55555555555556 1
1780016752692 43.148148148148145 2
1780016766623 50.18518518518518 3
1780016781597 49.074074074074076 4
1780016795152 53.7037037037037 5
1780016808972 51.851851851851855 6
1780016820071 55.370370370370374 7
1780016831253 55.55555555555556 8
1780016842485 57.22222222222222 9
1780016855052 56.48148148148148 10
1780016867297 59.074074074074076 11
1780016878532 59.074074074074076 12
1780016889766 62.592592592592595 13
1780016903126 60.18518518518518 14
1780016917229 62.592592592592595 15
1780016937071 65.0 16
1780016952338 59.629629629629626 17
1780016964545 67.03703703703704 18
