1780090334222 1.845491349697113 0
1780090364641 1.4733205402598661 1
1780090395615 1.418990871485542 2
1780090426766 1.323054346968146 3
1780090457913 1.2432913131573622 4
1780090468335 1.2620431535384233 5
1780090479629 1.1420514443341423 6
1780090490878 1.2016888032941258 7
1780090522011 1.1081338069018196 8
1780090553064 1.0886822044849396 9
1780090563918 1.0958924451295067 10
1780090575372 1.166435148786096 11
1780090606674 1.0844818283529842 12
1780090617759 1.0325359596925623 13
1780090628957 1.0037529100390041 14
1780090640118 0.9874969019609339 15
1780090650789 1.0208246164462145 16
