1780090334222 36.111111111111114 0
1780090364641 46.2962962962963 1
1780090395615 47.03703703703704 2
1780090426766 52.22222222222222 3
1780090457913 52.407407407407405 4
1780090468335 50.74074074074074 5
1780090479629 58.333333333333336 6
1780090490878 55.18518518518518 7
1780090522011 59.629629629629626 8
1780090553064 59.074074074074076 9
1780090563918 59.629629629629626 10
1780090575372 56.666666666666664 11
1780090606674 59.074074074074076 12
1780090617759 63.7037037037037 13
1780090628957 58.888888888888886 14
1780090640118 63.333333333333336 15
1780090650789 61.851851851851855 16
