1780015833006 1.8995236228494083 0
1780015847327 1.6113500104230993 1
1780015863888 1.4969385020873125 2
1780015877577 1.386492034968208 3
1780015890836 1.305390757672927 4
1780015904010 1.2888144535176895 5
1780015917335 1.2574777533026302 6
1780015930372 1.2075832591337317 7
1780015944521 1.1939082145690918 8
1780015961114 1.1686938580344706 9
1780015974478 1.146483856088975 10
1780015987542 1.1396517438047074 11
1780016001675 1.1544004783910864 12
1780016017000 1.1019227013868444 13
1780016030483 1.0633218393606299 14
1780016044036 1.0430075140560375 15
1780016057857 1.0663486999623917 16
1780016072926 1.0328169710495894 17
1780016087222 1.0515976653379553 18
