1780015833006 31.85185185185185 0
1780015847327 42.96296296296296 1
1780015863888 44.25925925925926 2
1780015877577 47.03703703703704 3
1780015890836 51.666666666666664 4
1780015904010 54.074074074074076 5
1780015917335 52.407407407407405 6
1780015930372 56.48148148148148 7
1780015944521 56.2962962962963 8
1780015961114 54.81481481481482 9
1780015974478 58.888888888888886 10
1780015987542 58.148148148148145 11
1780016001675 60.18518518518518 12
1780016017000 58.333333333333336 13
1780016030483 62.03703703703704 14
1780016044036 63.148148148148145 15
1780016057857 59.074074074074076 16
1780016072926 61.666666666666664 17
1780016087222 59.81481481481482 18
