1779394349994 35.05747126436781 0
1779394364170 44.54022988505747 1
1779394378183 48.85057471264368 2
1779394391769 53.01724137931034 3
1779394409548 54.310344827586206 4
1779394426737 54.88505747126437 5
1779394445052 57.327586206896555 6
1779394461061 57.758620689655174 7
1779394477816 59.770114942528735 8
1779394495622 59.91379310344828 9
1779394513374 62.64367816091954 10
1779394528808 62.06896551724138 11
1779394543138 61.49425287356322 12
1779394557286 62.78735632183908 13
1779394571299 61.49425287356322 14
