1779394349994 1.8195232586427168 0
1779394364170 1.5860636017539285 1
1779394378183 1.46658363125541 2
1779394391769 1.419376172802665 3
1779394409548 1.3570445288311352 4
1779394426737 1.3193991292606702 5
1779394445052 1.276602333242243 6
1779394461061 1.285278081893921 7
1779394477816 1.2133356603709133 8
1779394495622 1.200408786535263 9
1779394513374 1.1597477224740116 10
1779394528808 1.149528069929643 11
1779394543138 1.1266013058749111 12
1779394557286 1.1165245337919756 13
1779394571299 1.1162543296813965 14
