1780078455215 1.962877350694993 0
1780078485944 1.605802108259762 1
1780078516412 1.4694865416078007 2
1780078546539 1.3083849812255186 3
1780078557397 1.3141494989395142 4
1780078587625 1.2718682639739092 5
1780078618084 1.182511552291758 6
1780078648859 1.1803198123679441 7
1780078659748 1.1143275797367096 8
1780078690562 1.1148535206037409 9
1780078701595 1.0243590456597946 10
1780078712727 1.0620619496878456 11
1780078723627 1.0280941023546106 12
1780078734630 0.9885303518351387 13
1780078745857 1.0073922925135668 14
