1780078455215 28.14814814814815 0
1780078485944 40.74074074074074 1
1780078516412 47.77777777777778 2
1780078546539 51.666666666666664 3
1780078557397 52.03703703703704 4
1780078587625 54.074074074074076 5
1780078618084 56.851851851851855 6
1780078648859 54.81481481481482 7
1780078659748 58.148148148148145 8
1780078690562 57.592592592592595 9
1780078701595 60.74074074074074 10
1780078712727 60.925925925925924 11
1780078723627 61.111111111111114 12
1780078734630 64.81481481481481 13
1780078745857 62.592592592592595 14
