1780086484641 2.0343542449614582 0
1780086515956 1.6821893699028914 1
1780086547167 1.5163089632987976 2
1780086577696 1.4008142036550186 3
1780086588412 1.3038181925521177 4
1780086635401 1.2705096514785992 5
1780086647175 1.1907448751084946 6
1780086662259 1.127148095299216 7
1780086700047 1.0984105187303879 8
1780086713806 1.0175511854536392 9
1780086751205 0.9983026087284088 10
1780086763620 0.9479582783053903 11
1780086799518 0.8829485686386332 12
1780086811571 0.9170422361177557 13
1780086849798 0.8461160861393985 14
1780086862814 0.8313641250133514 15
1780086875794 0.7936189122059766 16
1780086889295 0.7316282785990659 17
1780086902910 0.7039295391124838 18
1780086941359 0.6936164822648553 19
1780086955817 0.6556862636524088 20
1780086968788 0.6805805274668861 21
1780086982507 0.6784153598196366 22
1780086996953 0.6420676629332935 23
1780087007905 0.6236529385342318 24
