1780086484641 25.37037037037037 0
1780086515956 42.22222222222222 1
1780086547167 50.74074074074074 2
1780086577696 51.111111111111114 3
1780086588412 57.22222222222222 4
1780086635401 55.55555555555556 5
1780086647175 61.666666666666664 6
1780086662259 65.18518518518519 7
1780086700047 65.74074074074075 8
1780086713806 66.48148148148148 9
1780086751205 67.5925925925926 10
1780086763620 72.4074074074074 11
1780086799518 73.70370370370371 12
1780086811571 70.37037037037037 13
1780086849798 73.14814814814815 14
1780086862814 74.25925925925925 15
1780086875794 75.0 16
1780086889295 79.25925925925925 17
1780086902910 78.14814814814815 18
1780086941359 77.96296296296296 19
1780086955817 80.55555555555556 20
1780086968788 78.14814814814815 21
1780086982507 80.92592592592592 22
1780086996953 81.11111111111111 23
1780087007905 80.55555555555556 24
