1779394858226 1.8370339762080798 0
1779394875823 1.6120776588266545 1
1779394893450 1.487037875435569 2
1779394911634 1.4351519725539468 3
1779394927246 1.3824501525272022 4
1779394947518 1.3431094776500354 5
1779394964432 1.289633566682989 6
1779394982867 1.2675641233270818 7
1779394999019 1.2251040989702398 8
1779395014684 1.201051338152452 9
1779395033997 1.1975897198373622 10
1779395050537 1.1694181994958357 11
1779395069306 1.1553044752641157 12
1779395086481 1.1328759274699471 13
1779395104528 1.105785602873022 14
