1779394858226 34.195402298850574 0
1779394875823 45.40229885057471 1
1779394893450 51.4367816091954 2
1779394911634 50.7183908045977 3
1779394927246 54.310344827586206 4
1779394947518 56.60919540229885 5
1779394964432 57.758620689655174 6
1779394982867 57.47126436781609 7
1779394999019 59.195402298850574 8
1779395014684 59.48275862068966 9
1779395033997 59.91379310344828 10
1779395050537 62.93103448275862 11
1779395069306 61.7816091954023 12
1779395086481 60.48850574712644 13
1779395104528 63.50574712643678 14
