1779397722587 33.23741007194245 0
1779397739326 44.31654676258993 1
1779397757868 47.62589928057554 2
1779397775266 51.798561151079134 3
1779397787882 54.10071942446043 4
1779397800347 53.23741007194245 5
1779397813073 57.12230215827338 6
1779397825485 57.84172661870504 7
1779397837880 55.25179856115108 8
1779397855630 54.96402877697842 9
1779397872500 57.55395683453237 10
1779397885983 60.28776978417266 11
1779397900746 57.985611510791365 12
1779397916227 61.8705035971223 13
1779397931466 62.014388489208635 14
1779397943039 61.15107913669065 15
1779397954445 61.58273381294964 16
1779397966137 64.31654676258992 17
1779397978084 66.18705035971223 18
1779397990048 61.007194244604314 19
1779398003602 65.03597122302158 20
1779398015252 64.60431654676259 21
1779398028667 66.0431654676259 22
1779398042732 66.18705035971223 23
1779398056165 65.46762589928058 24
