1779397722587 1.898835837841034 0
1779397739326 1.6497717337174849 1
1779397757868 1.5517445044084028 2
1779397775266 1.4698654467409307 3
1779397787882 1.4153109897266736 4
1779397800347 1.3874556476419622 5
1779397813073 1.3365723219784824 6
1779397825485 1.2932573773644187 7
1779397837880 1.3065023584799333 8
1779397855630 1.2700973369858481 9
1779397872500 1.2389599572528491 10
1779397885983 1.2238563190806995 11
1779397900746 1.2324956005269831 12
1779397916227 1.1689523702318019 13
1779397931466 1.1615348377011039 14
1779397943039 1.1701219921762294 15
1779397954445 1.119594089009545 16
1779397966137 1.0924629541960629 17
1779397978084 1.0715744603763928 18
1779397990048 1.1153039823878894 19
1779398003602 1.050535879351876 20
1779398015252 1.0695733238350262 21
1779398028667 1.041899705475027 22
1779398042732 1.0216779654676265 23
1779398056165 1.0251005752520128 24
