1780071211696 1.8434255255593195 0
1780071224156 1.4560151762432523 1
1780071235481 1.292214486334059 2
1780071248038 1.2232863505681355 3
1780071259854 1.1483345760239496 4
1780071271936 1.0918507046169705 5
1780071283402 1.018941515021854 6
1780071293834 0.9988052513864305 7
1780071306586 0.9813721709781222 8
1780071321399 0.923134081893497 9
1780071332249 0.8704230321778191 10
1780071343319 0.8748009271091886 11
1780071354216 0.8423755831188626 12
1780071365050 0.8497777581214905 13
1780071375727 0.7629008028242323 14
1780071386244 0.7497675816218058 15
1780071396527 0.8272827002737257 16
1780071406526 0.7428767614894443 17
1780071416926 0.7800235814518399 18
1780071428029 0.713415781656901 19
1780071440373 0.7427814139260186 20
1780071453074 0.658799389998118 21
1780071465800 0.7151284350289239 22
1780071484796 0.6967611776457893 23
1780071500369 0.6816029449303945 24
1780071512638 0.6461110843552483 25
