1780071211696 31.666666666666668 0
1780071224156 48.888888888888886 1
1780071235481 51.2962962962963 2
1780071248038 51.111111111111114 3
1780071259854 59.25925925925926 4
1780071271936 58.333333333333336 5
1780071283402 60.370370370370374 6
1780071293834 65.0 7
1780071306586 65.0 8
1780071321399 64.62962962962963 9
1780071332249 70.74074074074075 10
1780071343319 69.44444444444444 11
1780071354216 71.11111111111111 12
1780071365050 68.14814814814815 13
1780071375727 71.85185185185185 14
1780071386244 72.96296296296296 15
1780071396527 71.11111111111111 16
1780071406526 74.62962962962963 17
1780071416926 69.62962962962963 18
1780071428029 76.85185185185185 19
1780071440373 72.22222222222223 20
1780071453074 75.74074074074075 21
1780071465800 76.11111111111111 22
1780071484796 75.18518518518519 23
1780071500369 75.92592592592592 24
1780071512638 78.33333333333333 25
