1780079717957 33.7037037037037 0
1780079748803 49.629629629629626 1
1780079778900 55.18518518518518 2
1780079809251 59.629629629629626 3
1780079819813 65.18518518518519 4
1780079849911 68.70370370370371 5
1780079880980 66.85185185185185 6
1780079891240 71.11111111111111 7
1780079921943 75.0 8
1780079952852 75.55555555555556 9
1780079962939 78.70370370370371 10
1780079993368 80.37037037037037 11
1780080003764 80.55555555555556 12
1780080014099 80.37037037037037 13
1780080024403 80.92592592592592 14
1780080035714 82.5925925925926 15
1780080045918 84.25925925925925 16
