1780079717957 1.9063017403378206 0
1780079748803 1.534104939769296 1
1780079778900 1.378499465830186 2
1780079809251 1.246229887008667 3
1780079819813 1.1841808802941267 4
1780079849911 1.059639085741604 5
1780079880980 1.0417022880385904 6
1780079891240 0.9483324797714457 7
1780079921943 0.8890401335323558 8
1780079952852 0.8579831018167383 9
1780079962939 0.7955169414772707 10
1780079993368 0.7333826527876013 11
1780080003764 0.7212802785284379 12
1780080014099 0.687182259033708 13
1780080024403 0.6768530642285067 14
1780080035714 0.6104002375813091 15
1780080045918 0.5664108421872643 16
