1780085188988 1.9804521273164188 0
1780085231278 1.556103832581464 1
1780085268985 1.3950460833661698 2
1780085307867 1.2981125782517826 3
1780085355980 1.186321966788348 4
1780085370415 1.078562336809495 5
1780085416007 1.0154896203209371 6
1780085460897 0.9592161616858315 7
1780085474698 0.8775696316186119 8
1780085487826 0.8722530252793256 9
1780085518458 0.8365751583786571 10
1780085528767 0.7667135578744552 11
1780085539260 0.7240507953307208 12
1780085549808 0.7301935562316109 13
1780085560159 0.6808952969663283 14
1780085570708 0.6377004025613561 15
