1780085188988 27.037037037037038 0
1780085231278 47.96296296296296 1
1780085268985 55.925925925925924 2
1780085307867 61.111111111111114 3
1780085355980 64.07407407407408 4
1780085370415 67.22222222222223 5
1780085416007 67.5925925925926 6
1780085460897 70.0 7
1780085474698 75.0 8
1780085487826 74.44444444444444 9
1780085518458 75.92592592592592 10
1780085528767 78.33333333333333 11
1780085539260 80.55555555555556 12
1780085549808 79.81481481481481 13
1780085560159 79.62962962962963 14
1780085570708 81.66666666666667 15
