1779814760940 70.79136690647482 0
1779814781036 86.33093525179856 1
1779814795499 87.62589928057554 2
1779814812185 89.35251798561151 3
1779814826568 88.77697841726619 4
1779814838901 89.49640287769785 5
1779814853781 90.79136690647482 6
1779814868364 91.51079136690647 7
1779814881751 91.94244604316546 8
1779814894630 92.23021582733813 9
1779814907530 91.94244604316546 10
1779814920277 93.81294964028777 11
1779814933443 93.09352517985612 12
1779814946341 91.36690647482014 13
1779814959340 93.66906474820144 14
1779814972256 92.80575539568345 15
1779814985455 91.65467625899281 16
1779814999338 94.24460431654676 17
1779815012654 92.5179856115108 18
1779815025848 92.37410071942446 19
