1779814760940 0.8457384868101641 0
1779814781036 0.6116079986095428 1
1779814795499 0.5342559678988024 2
1779814812185 0.47079316594383935 3
1779814826568 0.41429386558857834 4
1779814838901 0.3629818172617392 5
1779814853781 0.3344882841814648 6
1779814868364 0.3174810375679623 7
1779814881751 0.294166624546051 8
1779814894630 0.2693926136602055 9
1779814907530 0.26551229845393787 10
1779814920277 0.23190261694518002 11
1779814933443 0.22529755769805473 12
1779814946341 0.2561797648668289 13
1779814959340 0.2189010391858491 14
1779814972256 0.21413478830998595 15
1779814985455 0.24550860341299663 16
1779814999338 0.20954874124039302 17
1779815012654 0.2297605611383915 18
1779815025848 0.21058381924575026 19
