1780092665591 20.37037037037037 0
1780092697719 40.55555555555556 1
1780092731415 47.77777777777778 2
1780092741864 54.629629629629626 3
1780092773562 54.81481481481482 4
1780092784061 57.03703703703704 5
1780092794827 62.03703703703704 6
1780092825858 67.03703703703704 7
1780092857371 63.148148148148145 8
1780092869208 65.92592592592592 9
1780092888231 70.92592592592592 10
1780092930270 70.74074074074075 11
1780092942153 70.18518518518519 12
1780092976320 72.4074074074074 13
1780092988253 75.55555555555556 14
1780093000251 73.33333333333333 15
1780093011828 77.22222222222223 16
1780093023717 77.22222222222223 17
