1780092665591 2.2610818568397972 0
1780092697719 1.633008294245776 1
1780092731415 1.4220101447666393 2
1780092741864 1.301767531563254 3
1780092773562 1.290695681291468 4
1780092784061 1.210543220534044 5
1780092794827 1.1101010354126202 6
1780092825858 1.066176877302282 7
1780092857371 1.058381538180744 8
1780092869208 0.9874725113896763 9
1780092888231 0.9352617228732389 10
1780092930270 0.9090947771773619 11
1780092942153 0.8427676400717568 12
1780092976320 0.851917613955105 13
1780092988253 0.7780361631337334 14
1780093000251 0.784182196154314 15
1780093011828 0.7767516760265126 16
1780093023717 0.7624976144117468 17
