1780009647032 2.445269830086652 0
1780009661658 1.9529244969872868 1
1780009674785 1.8752904639524572 2
1780009688659 1.4895632056628956 3
1780009701670 1.4846408156787647 4
1780009716940 1.4379958124721752 5
1780009734035 1.2711205131867354 6
1780009753161 1.238470196723938 7
1780009774030 1.2019164597286898 8
1780009789684 1.2437681135009317 9
1780009804366 1.2053077045608969 10
1780009818751 1.164789732764749 11
1780009831846 1.1509276312940262 12
1780009845998 1.1148456124698414 13
1780009861317 1.1240324903936947 14
1780009877202 1.116930348031661 15
1780009906725 1.099605886375203 16
1780009922732 1.0629177689552307 17
1780009935667 1.0854198091170366 18
