1780009647032 25.925925925925927 0
1780009661658 36.111111111111114 1
1780009674785 38.7037037037037 2
1780009688659 44.629629629629626 3
1780009701670 42.03703703703704 4
1780009716940 47.592592592592595 5
1780009734035 52.77777777777778 6
1780009753161 51.48148148148148 7
1780009774030 54.81481481481482 8
1780009789684 58.7037037037037 9
1780009804366 55.18518518518518 10
1780009818751 55.55555555555556 11
1780009831846 57.592592592592595 12
1780009845998 58.333333333333336 13
1780009861317 57.22222222222222 14
1780009877202 57.407407407407405 15
1780009906725 55.74074074074074 16
1780009922732 59.44444444444444 17
1780009935667 57.592592592592595 18
