1780017238297 30.555555555555557 0
1780017252121 43.333333333333336 1
1780017269921 46.2962962962963 2
1780017282004 51.48148148148148 3
1780017295891 53.888888888888886 4
1780017308183 57.96296296296296 5
1780017320691 60.925925925925924 6
1780017333335 62.96296296296296 7
1780017347032 59.44444444444444 8
1780017358581 63.333333333333336 9
1780017370681 63.7037037037037 10
1780017382049 66.48148148148148 11
1780017393443 67.77777777777777 12
1780017407649 67.4074074074074 13
1780017423128 69.25925925925925 14
1780017439167 69.25925925925925 15
1780017452459 66.85185185185185 16
1780017465349 69.07407407407408 17
1780017477228 70.18518518518519 18
1780017491596 70.37037037037037 19
1780017508701 69.81481481481481 20
1780017521433 73.33333333333333 21
1780017533940 68.88888888888889 22
1780017546652 72.5925925925926 23
