1780017238297 1.9273529052734375 0
1780017252121 1.5787268214755588 1
1780017269921 1.4222055541144476 2
1780017282004 1.3229111830393474 3
1780017295891 1.23421397474077 4
1780017308183 1.1982684267891779 5
1780017320691 1.1050435039732192 6
1780017333335 1.0603720015949674 7
1780017347032 1.0539055864016216 8
1780017358581 1.0046926670604281 9
1780017370681 0.9786059459050497 10
1780017382049 0.9479966825909085 11
1780017393443 0.8938440812958611 12
1780017407649 0.8657554851637946 13
1780017423128 0.8961177203390334 14
1780017439167 0.8342717885971069 15
1780017452459 0.9026448925336202 16
1780017465349 0.8115545246336195 17
1780017477228 0.8167090879546272 18
1780017491596 0.7800057927767435 19
1780017508701 0.8108457128206888 20
1780017521433 0.7553897367583381 21
1780017533940 0.8017689320776198 22
1780017546652 0.7471869985262553 23
