1779843073152 1.7266140905293552 0
1779843106200 1.3771839358589866 1
1779843138463 1.2348166379061611 2
1779843150913 1.0984923189336604 3
1779843183843 1.0158979134126143 4
1779843196343 0.9553734958171844 5
1779843208892 0.9126654646613381 6
1779843221774 0.8750360282984647 7
1779843254989 0.7933127663352273 8
1779843287736 0.8072933148254048 9
1779843300069 0.7480133202942935 10
1779843312651 0.7346192273226652 11
1779843325199 0.6872339357029308 12
1779843337982 0.6876719661734321 13
1779843350815 0.6424670530991121 14
