1779843073152 40.86330935251799 0
1779843106200 48.489208633093526 1
1779843138463 53.81294964028777 2
1779843150913 59.856115107913666 3
1779843183843 63.7410071942446 4
1779843196343 64.89208633093526 5
1779843208892 66.61870503597122 6
1779843221774 70.93525179856115 7
1779843254989 71.22302158273381 8
1779843287736 70.79136690647482 9
1779843300069 73.66906474820144 10
1779843312651 72.0863309352518 11
1779843325199 75.39568345323741 12
1779843337982 74.53237410071942 13
1779843350815 76.69064748201438 14
