1780089673293 1.952295366455527 0
1780089704345 1.5841609590193804 1
1780089735639 1.4592219380771412 2
1780089766714 1.2471002568216885 3
1780089777558 1.2124780171057756 4
1780089808023 1.1639366553110235 5
1780089819198 1.0838686771252577 6
1780089830194 1.0714713860960567 7
1780089861605 1.068550572675817 8
1780089872873 1.0544825932558846 9
1780089884146 1.0347855809856863 10
1780089918376 0.9734674253884483 11
1780089929421 0.9359099672121161 12
1780089961492 0.943747441558277 13
1780089973221 0.8105333342271692 14
1780089984115 0.8809410237214145 15
1780089994786 0.8353221302523333 16
1780090005806 0.890769386992735 17
