1780089673293 31.85185185185185 0
1780089704345 39.81481481481482 1
1780089735639 46.111111111111114 2
1780089766714 58.333333333333336 3
1780089777558 56.48148148148148 4
1780089808023 58.51851851851852 5
1780089819198 60.55555555555556 6
1780089830194 62.77777777777778 7
1780089861605 60.925925925925924 8
1780089872873 62.407407407407405 9
1780089884146 62.407407407407405 10
1780089918376 63.333333333333336 11
1780089929421 67.96296296296296 12
1780089961492 66.11111111111111 13
1780089973221 71.29629629629629 14
1780089984115 68.14814814814815 15
1780089994786 71.11111111111111 16
1780090005806 67.77777777777777 17
