1780012544916 2.9599497879252716 0
1780012559557 1.7971610041225659 1
1780012575764 1.6082874115775614 2
1780012592252 1.5130370925454533 3
1780012607309 1.3329317008747774 4
1780012623106 1.3958390565479504 5
1780012635842 1.3332876492949093 6
1780012648639 1.2856503654928768 7
1780012664200 1.2211204416611616 8
1780012679776 1.154993754975936 9
1780012692585 1.2317228562691633 10
1780012705594 1.1910817237461315 11
1780012718708 1.3042626030304854 12
1780012732486 1.14161015959347 13
1780012746531 1.057613523567424 14
1780012759780 1.095633724156548 15
1780012773214 1.0526300458347095 16
1780012787873 1.0774593107840593 17
1780012801324 1.0402687016655416 18
1780012813912 1.048915032078238 19
