1780012544916 24.444444444444443 0
1780012559557 39.25925925925926 1
1780012575764 45.0 2
1780012592252 45.925925925925924 3
1780012607309 50.370370370370374 4
1780012623106 48.888888888888886 5
1780012635842 49.81481481481482 6
1780012648639 51.851851851851855 7
1780012664200 53.51851851851852 8
1780012679776 57.407407407407405 9
1780012692585 55.55555555555556 10
1780012705594 56.2962962962963 11
1780012718708 54.44444444444444 12
1780012732486 57.77777777777778 13
1780012746531 60.370370370370374 14
1780012759780 57.407407407407405 15
1780012773214 59.44444444444444 16
1780012787873 56.2962962962963 17
1780012801324 59.81481481481482 18
1780012813912 57.77777777777778 19
