1780077976448 1.7216488438494064 0
1780078007563 1.4004560779122746 1
1780078038096 1.2500966086107141 2
1780078048766 1.2053569607874925 3
1780078079209 1.1164991049205555 4
1780078109494 1.0560156825710745 5
1780078120074 1.046793150551179 6
1780078151005 1.0663268285639145 7
1780078161718 0.9806229331914116 8
1780078172371 0.9208168334820691 9
1780078202615 0.8487698497141108 10
1780078213480 0.8964975520091898 11
1780078224030 0.8537985051379484 12
1780078234979 0.8593238302889992 13
1780078245378 0.8084497688447728 14
1780078256044 0.8106530992423787 15
