1780077976448 37.96296296296296 0
1780078007563 44.81481481481482 1
1780078038096 52.22222222222222 2
1780078048766 54.25925925925926 3
1780078079209 59.074074074074076 4
1780078109494 61.2962962962963 5
1780078120074 61.666666666666664 6
1780078151005 61.48148148148148 7
1780078161718 62.592592592592595 8
1780078172371 65.37037037037037 9
1780078202615 68.70370370370371 10
1780078213480 65.37037037037037 11
1780078224030 67.96296296296296 12
1780078234979 67.4074074074074 13
1780078245378 70.55555555555556 14
1780078256044 69.81481481481481 15
