1780087020281 19.444444444444443 0
1780087055268 35.370370370370374 1
1780087094142 41.666666666666664 2
1780087129573 47.77777777777778 3
1780087163071 49.25925925925926 4
1780087200339 55.370370370370374 5
1780087211872 54.074074074074076 6
1780087245366 56.666666666666664 7
1780087257200 57.22222222222222 8
1780087268613 59.629629629629626 9
1780087279712 63.51851851851852 10
1780087290941 62.407407407407405 11
1780087323567 62.22222222222222 12
1780087378815 67.03703703703704 13
1780087391960 65.0 14
1780087428440 65.55555555555556 15
1780087441304 66.66666666666667 16
1780087463107 69.07407407407408 17
1780087477555 69.07407407407408 18
1780087492375 69.81481481481481 19
1780087506096 69.62962962962963 20
