1780087020281 2.204459151800941 0
1780087055268 1.7138810823945438 1
1780087094142 1.6049339981640087 2
1780087129573 1.4345281264361214 3
1780087163071 1.3529531692757326 4
1780087200339 1.3030981579247642 5
1780087211872 1.2548926858340992 6
1780087245366 1.2246818069149465 7
1780087257200 1.1717219633214615 8
1780087268613 1.1600654633606182 9
1780087279712 1.062184265431236 10
1780087290941 1.087101096616072 11
1780087323567 1.0389079381437862 12
1780087378815 1.0007976661710178 13
1780087391960 0.9847256313352024 14
1780087428440 0.9953940773711485 15
1780087441304 0.9709091379361994 16
1780087463107 0.9159717226729673 17
1780087477555 0.900083229822271 18
1780087492375 0.8986067912157845 19
1780087506096 0.8733112724388347 20
