1780077704784 1.990262203356799 0
1780077735568 1.5055054881993462 1
1780077766080 1.4070036376223845 2
1780077777196 1.3261918548275442 3
1780077788078 1.201266942655339 4
1780077820711 1.1584206013118519 5
1780077835375 1.1297631631879246 6
1780077867038 1.1129441156106836 7
1780077878107 1.0899014139876646 8
1780077909257 0.9760891856516108 9
1780077920410 1.0131801489521475 10
1780077931834 0.9927271920091966 11
1780077942921 1.0424383773523218 12
1780077953983 0.9227572083473206 13
1780077965164 0.8474301310146556 14
