1780077704784 31.85185185185185 0
1780077735568 45.370370370370374 1
1780077766080 48.333333333333336 2
1780077777196 52.77777777777778 3
1780077788078 54.074074074074076 4
1780077820711 55.925925925925924 5
1780077835375 60.18518518518518 6
1780077867038 62.592592592592595 7
1780077878107 62.03703703703704 8
1780077909257 64.25925925925925 9
1780077920410 63.333333333333336 10
1780077931834 61.851851851851855 11
1780077942921 61.666666666666664 12
1780077953983 68.33333333333333 13
1780077965164 70.0 14
