1780090957109 22.40740740740741 0
1780090993673 45.55555555555556 1
1780091032855 58.888888888888886 2
1780091069594 64.81481481481481 3
1780091079711 71.11111111111111 4
1780091112406 73.88888888888889 5
1780091143428 78.14814814814815 6
1780091174378 81.85185185185185 7
1780091204776 83.33333333333333 8
1780091235473 85.37037037037037 9
1780091245771 85.74074074074075 10
1780091256917 87.4074074074074 11
1780091267440 86.85185185185185 12
1780091277806 87.5925925925926 13
1780091308468 88.70370370370371 14
1780091319386 89.25925925925925 15
1780091329790 93.14814814814815 16
1780091340516 89.44444444444444 17
1780091352715 90.55555555555556 18
