1780090957109 2.1995833656367134 0
1780090993673 1.5090121959938723 1
1780091032855 1.2744223475456238 2
1780091069594 1.0938264429569244 3
1780091079711 0.9496479069485384 4
1780091112406 0.9057565629482269 5
1780091143428 0.7811831341070288 6
1780091174378 0.6922155995579327 7
1780091204776 0.6935116254231509 8
1780091235473 0.615766118554508 9
1780091245771 0.5661610347383162 10
1780091256917 0.55181064675836 11
1780091267440 0.5369585226563847 12
1780091277806 0.5061018791268853 13
1780091308468 0.4686233225990744 14
1780091319386 0.4502682440421161 15
1780091329790 0.38519276766216054 16
1780091340516 0.4065585842027384 17
1780091352715 0.4301970386329819 18
