1779390043933 36.49425287356322 0
1779390059278 49.2816091954023 1
1779390074430 51.58045977011494 2
1779390089476 56.752873563218394 3
1779390105409 57.47126436781609 4
1779390120107 62.93103448275862 5
1779390136800 63.64942528735632 6
1779390154080 64.79885057471265 7
1779390168793 64.65517241379311 8
1779390183267 68.67816091954023 9
1779390196442 70.83333333333333 10
1779390212371 72.41379310344827 11
1779390227157 72.27011494252874 12
1779390245573 71.69540229885058 13
1779390261439 73.5632183908046 14
