1779390043933 1.823414997621016 0
1779390059278 1.5779502337629145 1
1779390074430 1.4665193340995095 2
1779390089476 1.386568925597451 3
1779390105409 1.3289379369128833 4
1779390120107 1.2717718048529192 5
1779390136800 1.221759097142653 6
1779390154080 1.1714839285070247 7
1779390168793 1.164696135304191 8
1779390183267 1.1050933382727883 9
1779390196442 1.0696232345971195 10
1779390212371 1.0231599022041669 11
1779390227157 0.9960107098926197 12
1779390245573 0.990007302977822 13
1779390261439 0.9580972763625059 14
