1779844898919 1.7170221209526062 0
1779844930500 1.353431295264851 1
1779844969284 1.1796806292100386 2
1779845013428 1.0625754350965673 3
1779845027747 0.9308210611343384 4
1779845040046 0.8248741897669706 5
1779845053669 0.7545890591361306 6
1779845098326 0.707685958255421 7
1779845111452 0.631978221914985 8
1779845175096 0.6056836586106907 9
1779845190134 0.5290151075883345 10
1779845203507 0.4940042793750763 11
1779845216148 0.49262590232220566 12
1779845228681 0.4197387844324112 13
1779845243053 0.40114920654080133 14
