1779844898919 40.431654676258994 0
1779844930500 51.07913669064748 1
1779844969284 57.55395683453237 2
1779845013428 60.431654676258994 3
1779845027747 67.19424460431655 4
1779845040046 71.65467625899281 5
1779845053669 74.96402877697842 6
1779845098326 75.97122302158273 7
1779845111452 79.13669064748201 8
1779845175096 78.27338129496403 9
1779845190134 80.43165467625899 10
1779845203507 84.02877697841727 11
1779845216148 83.16546762589928 12
1779845228681 86.4748201438849 13
1779845243053 87.33812949640287 14
