1780072067070 1.851685298813714 0
1780072082102 1.5192687114079793 1
1780072096464 1.3428055975172255 2
1780072109845 1.2186958127551608 3
1780072124045 1.1243414680163066 4
1780072136895 1.1134979128837585 5
1780072154909 1.0305561025937398 6
1780072167992 0.9982955588234795 7
1780072179187 0.9939241144392226 8
1780072190086 0.9922433098157247 9
1780072200556 0.9433126515812345 10
1780072211135 0.9032919274436103 11
1780072222618 0.8656569057040744 12
1780072233770 0.8103056814935472 13
1780072245482 0.847298714849684 14
1780072256793 0.8162830273310343 15
1780072268299 0.8220085832807753 16
1780072282280 0.8006458414925469 17
1780072293529 0.7867897616492378 18
1780072303713 0.7652793659104241 19
1780072317277 0.7317923837237887 20
