1780072067070 32.22222222222222 0
1780072082102 47.03703703703704 1
1780072096464 51.48148148148148 2
1780072109845 57.407407407407405 3
1780072124045 57.407407407407405 4
1780072136895 58.51851851851852 5
1780072154909 62.407407407407405 6
1780072167992 62.77777777777778 7
1780072179187 62.77777777777778 8
1780072190086 63.888888888888886 9
1780072200556 66.66666666666667 10
1780072211135 67.22222222222223 11
1780072222618 68.33333333333333 12
1780072233770 71.66666666666667 13
1780072245482 67.96296296296296 14
1780072256793 70.37037037037037 15
1780072268299 71.29629629629629 16
1780072282280 70.92592592592592 17
1780072293529 69.81481481481481 18
1780072303713 70.92592592592592 19
1780072317277 72.77777777777777 20
