1780077414691 1.9273452022496391 0
1780077445709 1.5299872545634998 1
1780077477120 1.3268165518255794 2
1780077508670 1.276280750246609 3
1780077519848 1.1782987082705778 4
1780077530897 1.064702405649073 5
1780077542063 1.056990953052745 6
1780077553700 0.9992992387098425 7
1780077584443 0.9423786822487327 8
1780077595493 0.8830466796370113 9
1780077606796 0.788693410508773 10
1780077638006 0.8117110606502084 11
1780077648922 0.8038035683772143 12
1780077659944 0.730086055748603 13
1780077670903 0.6972486753674114 14
1780077681937 0.7437016578281627 15
1780077693152 0.6620030797579709 16
