1780077414691 28.703703703703702 0
1780077445709 44.074074074074076 1
1780077477120 51.111111111111114 2
1780077508670 50.925925925925924 3
1780077519848 58.51851851851852 4
1780077530897 63.148148148148145 5
1780077542063 63.888888888888886 6
1780077553700 65.0 7
1780077584443 66.11111111111111 8
1780077595493 70.0 9
1780077606796 71.29629629629629 10
1780077638006 68.88888888888889 11
1780077648922 71.11111111111111 12
1780077659944 76.48148148148148 13
1780077670903 73.33333333333333 14
1780077681937 74.07407407407408 15
1780077693152 77.96296296296296 16
