1779813668562 0.8923752876845273 0
1779813685333 0.669479176402092 1
1779813698794 0.5674880390817468 2
1779813712368 0.49253441528840497 3
1779813726180 0.4153149724006653 4
1779813739196 0.41660522466356104 5
1779813752362 0.36360135539011523 6
1779813765711 0.34200214459137485 7
1779813778926 0.3190445446155288 8
1779813792792 0.2971822985193946 9
1779813809758 0.2749533240090717 10
1779813827539 0.2820014967159791 11
1779813841807 0.24620941145853562 12
1779813855270 0.26204695281657303 13
1779813868370 0.2315258292311972 14
1779813881485 0.23736677996136926 15
1779813894607 0.2328555563634092 16
1779813907725 0.20216532796621323 17
1779813921448 0.20139115981080316 18
1779813934666 0.2065221450545571 19
