1779813668562 66.18705035971223 0
1779813685333 84.02877697841727 1
1779813698794 87.4820143884892 2
1779813712368 90.2158273381295 3
1779813726180 89.35251798561151 4
1779813739196 90.07194244604317 5
1779813752362 91.36690647482014 6
1779813765711 91.36690647482014 7
1779813778926 90.50359712230215 8
1779813792792 91.36690647482014 9
1779813809758 91.94244604316546 10
1779813827539 90.64748201438849 11
1779813841807 93.09352517985612 12
1779813855270 91.22302158273381 13
1779813868370 93.23741007194245 14
1779813881485 92.37410071942446 15
1779813894607 92.5179856115108 16
1779813907725 93.81294964028777 17
1779813921448 94.24460431654676 18
1779813934666 93.81294964028777 19
