1780017859859 34.44444444444444 0
1780017872558 45.925925925925924 1
1780017885116 49.074074074074076 2
1780017896690 53.888888888888886 3
1780017909439 54.629629629629626 4
1780017921911 54.629629629629626 5
1780017935267 56.666666666666664 6
1780017946886 59.629629629629626 7
1780017958660 62.03703703703704 8
1780017970967 60.925925925925924 9
1780017982783 63.51851851851852 10
1780017995520 66.66666666666667 11
1780018007565 64.62962962962963 12
1780018020131 66.11111111111111 13
1780018032380 67.22222222222223 14
1780018043944 66.66666666666667 15
1780018056193 71.48148148148148 16
1780018068894 68.33333333333333 17
1780018080351 70.55555555555556 18
1780018092309 69.62962962962963 19
1780018104808 70.55555555555556 20
1780018116207 75.0 21
