1780017859859 1.8642436530854967 0
1780017872558 1.5531850920783148 1
1780017885116 1.4092658758163452 2
1780017896690 1.2960888544718425 3
1780017909439 1.2343309786584642 4
1780017921911 1.206155776977539 5
1780017935267 1.161108374595642 6
1780017946886 1.0997938712437947 7
1780017958660 1.0697810384962294 8
1780017970967 1.0554002788331773 9
1780017982783 1.0135370161798265 10
1780017995520 0.9869659079445733 11
1780018007565 0.9658027225070529 12
1780018020131 0.9353465835253397 13
1780018032380 0.9096291793717278 14
1780018043944 0.9089795814620124 15
1780018056193 0.8512632383240594 16
1780018068894 0.8777514629893832 17
1780018080351 0.822385119067298 18
1780018092309 0.8423201110627916 19
1780018104808 0.814429759979248 20
1780018116207 0.7574557330873277 21
