1780016306968 1.899626652399699 0
1780016319588 1.6366610924402873 1
1780016331721 1.496127314037747 2
1780016347287 1.410303857591417 3
1780016359121 1.3604170348909166 4
1780016371702 1.2650566233528986 5
1780016384102 1.287823412153456 6
1780016397972 1.2431476645999484 7
1780016412422 1.1687177287207708 8
1780016425300 1.2002043194240994 9
1780016440943 1.179613424672021 10
1780016454565 1.131657017601861 11
1780016467765 1.0852833721372817 12
1780016483182 1.0430669850773282 13
1780016495708 1.0586099889543321 14
1780016508259 1.0365245408482022 15
1780016520759 0.9989133675893148 16
1780016533777 1.0438472165001764 17
1780016548854 1.055961893664466 18
