1780016306968 29.444444444444443 0
1780016319588 43.888888888888886 1
1780016331721 45.925925925925924 2
1780016347287 49.629629629629626 3
1780016359121 49.44444444444444 4
1780016371702 52.592592592592595 5
1780016384102 53.148148148148145 6
1780016397972 57.03703703703704 7
1780016412422 56.851851851851855 8
1780016425300 57.407407407407405 9
1780016440943 56.48148148148148 10
1780016454565 56.2962962962963 11
1780016467765 62.77777777777778 12
1780016483182 61.2962962962963 13
1780016495708 62.22222222222222 14
1780016508259 60.18518518518518 15
1780016520759 64.07407407407408 16
1780016533777 61.851851851851855 17
1780016548854 60.74074074074074 18
