1780085581586 22.962962962962962 0
1780085612138 44.074074074074076 1
1780085650823 51.851851851851855 2
1780085691220 55.370370370370374 3
1780085732339 56.851851851851855 4
1780085742724 60.74074074074074 5
1780085753690 60.18518518518518 6
1780085785070 66.29629629629629 7
1780085795801 66.85185185185185 8
1780085806753 70.37037037037037 9
1780085817091 68.51851851851852 10
1780085847810 69.44444444444444 11
1780085879566 72.4074074074074 12
1780085890217 75.92592592592592 13
1780085920849 74.25925925925925 14
1780085931426 75.74074074074075 15
1780085942042 77.77777777777777 16
1780085952885 78.88888888888889 17
1780085963462 76.85185185185185 18
1780085974005 76.11111111111111 19
