1780085581586 2.2255617274957546 0
1780085612138 1.6604882864391102 1
1780085650823 1.4089612014153425 2
1780085691220 1.2890663585242104 3
1780085732339 1.2023281314793755 4
1780085742724 1.1191596371286057 5
1780085753690 1.0833432183546179 6
1780085785070 1.0466708190300886 7
1780085795801 0.9506519366713131 8
1780085806753 0.921521008014679 9
1780085817091 0.9355300103916842 10
1780085847810 0.9000207974630243 11
1780085879566 0.840716037680121 12
1780085890217 0.7993729167124805 13
1780085920849 0.7974982138942269 14
1780085931426 0.7952269087819492 15
1780085942042 0.7398258763201097 16
1780085952885 0.7038073899114833 17
1780085963462 0.7238803891574636 18
1780085974005 0.7131343098247752 19
