1779813167680 0.7603860511021181 0
1779813181789 0.5637069222601977 1
1779813194552 0.4720439206470143 2
1779813209821 0.3762038323012265 3
1779813226426 0.3527405350045724 4
1779813241070 0.3345887965776704 5
1779813256285 0.31274244731122797 6
1779813270547 0.26762083579193463 7
1779813283483 0.23290171812881122 8
1779813296595 0.22638959031213413 9
1779813309378 0.2216970514167439 10
1779813324626 0.21333162791349672 11
1779813337558 0.18849503655325284 12
1779813350410 0.1789304492148486 13
1779813363190 0.16387773914770645 14
1779813375976 0.15537322448058563 15
1779813388888 0.17064746909520842 16
1779813401739 0.14162495935505087 17
1779813414854 0.14244710924950513 18
1779813427802 0.13804933869025923 19
