1779813167680 79.71223021582733 0
1779813181789 88.20143884892086 1
1779813194552 89.20863309352518 2
1779813209821 91.36690647482014 3
1779813226426 91.51079136690647 4
1779813241070 91.22302158273381 5
1779813256285 93.38129496402878 6
1779813270547 93.5251798561151 7
1779813283483 95.25179856115108 8
1779813296595 92.80575539568345 9
1779813309378 94.24460431654676 10
1779813324626 93.66906474820144 11
1779813337558 94.82014388489209 12
1779813350410 94.82014388489209 13
1779813363190 95.8273381294964 14
1779813375976 94.96402877697842 15
1779813388888 94.96402877697842 16
1779813401739 96.2589928057554 17
1779813414854 95.97122302158273 18
1779813427802 96.2589928057554 19
