1780010636568 22.77777777777778 0
1780010649451 34.25925925925926 1
1780010663401 42.77777777777778 2
1780010675522 44.629629629629626 3
1780010691035 47.592592592592595 4
1780010706814 50.55555555555556 5
1780010721068 47.407407407407405 6
1780010739116 46.666666666666664 7
1780010759796 49.44444444444444 8
1780010774411 50.55555555555556 9
1780010789207 52.96296296296296 10
1780010801622 51.666666666666664 11
1780010815570 54.074074074074076 12
1780010830688 54.81481481481482 13
1780010843122 54.81481481481482 14
1780010855732 55.0 15
1780010867486 59.629629629629626 16
1780010881118 58.7037037037037 17
