1780010636568 2.26173429629382 0
1780010649451 1.7968117770026713 1
1780010663401 1.576007927165312 2
1780010675522 1.403655725366929 3
1780010691035 1.3417840775321512 4
1780010706814 1.2910282050862032 5
1780010721068 1.3475744443781235 6
1780010739116 1.3475077082129086 7
1780010759796 1.230728787534377 8
1780010774411 1.2545455133213717 9
1780010789207 1.256799462963553 10
1780010801622 1.1765595078468323 11
1780010815570 1.1622514829916113 12
1780010830688 1.1500736790544845 13
1780010843122 1.1337932067758896 14
1780010855732 1.1233614367597244 15
1780010867486 1.0507489758379318 16
1780010881118 1.049014133565566 17
