1780075263443 1.8891548479304594 0
1780075297759 1.541674694594215 1
1780075333146 1.3817251079222734 2
1780075344540 1.3162282056668226 3
1780075380698 1.2454414174837225 4
1780075391923 1.180872133549522 5
1780075426564 1.1004195073071648 6
1780075436839 1.053706267300774 7
1780075448003 1.011785056661157 8
1780075482875 0.9932616405627307 9
1780075495431 0.9067199107478646 10
1780075554610 0.9154797021080466 11
1780075573028 0.8976187074885649 12
1780075587077 0.9317827803247115 13
1780075601654 0.807456448674202 14
1780075614266 0.834598563173238 15
1780075655592 0.8317198166075874 16
1780075668700 0.7823945240062826 17
1780075682347 0.8048979149145239 18
1780075696497 0.8165773731820724 19
1780075712891 0.7195995528908337 20
1780075730837 0.7118815446601194 21
