1780075263443 30.925925925925927 0
1780075297759 44.629629629629626 1
1780075333146 51.111111111111114 2
1780075344540 53.148148148148145 3
1780075380698 52.96296296296296 4
1780075391923 58.333333333333336 5
1780075426564 63.51851851851852 6
1780075436839 62.03703703703704 7
1780075448003 63.333333333333336 8
1780075482875 64.07407407407408 9
1780075495431 68.14814814814815 10
1780075554610 67.5925925925926 11
1780075573028 68.14814814814815 12
1780075587077 66.85185185185185 13
1780075601654 72.96296296296296 14
1780075614266 73.14814814814815 15
1780075655592 70.74074074074075 16
1780075668700 70.55555555555556 17
1780075682347 71.48148148148148 18
1780075696497 72.77777777777777 19
