1780091363719 27.40740740740741 0
1780091396590 44.25925925925926 1
1780091427361 53.7037037037037 2
1780091446793 54.44444444444444 3
1780091491533 56.666666666666664 4
1780091506294 59.44444444444444 5
1780091517221 64.25925925925925 6
1780091551827 63.148148148148145 7
1780091563321 67.03703703703704 8
1780091596249 67.4074074074074 9
1780091607419 65.74074074074075 10
1780091641618 68.88888888888889 11
1780091674695 70.74074074074075 12
1780091686025 73.88888888888889 13
1780091697760 73.88888888888889 14
1780091709268 76.29629629629629 15
1780091720759 77.03703703703704 16
