1780091363719 1.9451476721202625 0
1780091396590 1.5760068087016834 1
1780091427361 1.4307580450001884 2
1780091446793 1.3484916301334606 3
1780091491533 1.2617722574402304 4
1780091506294 1.201836356345345 5
1780091517221 1.1192187211092781 6
1780091551827 1.0674954495009255 7
1780091563321 1.0197974653805004 8
1780091596249 0.9958916166249443 9
1780091607419 0.9764577115283293 10
1780091641618 0.9377530129516826 11
1780091674695 0.8955831667956184 12
1780091686025 0.8536119110444013 13
1780091697760 0.8308467128697563 14
1780091709268 0.7802022239741158 15
1780091720759 0.774663937442443 16
