1780073193715 36.2962962962963 0
1780073240147 53.888888888888886 1
1780073279038 58.148148148148145 2
1780073291811 61.111111111111114 3
1780073303945 68.51851851851852 4
1780073316655 73.70370370370371 5
1780073329786 72.77777777777777 6
1780073370226 78.33333333333333 7
1780073412302 81.85185185185185 8
1780073424144 87.03703703703704 9
1780073473043 85.74074074074075 10
1780073484894 85.18518518518519 11
1780073501780 87.22222222222223 12
1780073515797 87.77777777777777 13
1780073529409 90.55555555555556 14
1780073540655 92.5925925925926 15
