1780073193715 1.7439936048844282 0
1780073240147 1.3425320457009708 1
1780073279038 1.1865183377967161 2
1780073291811 1.0895157982321346 3
1780073303945 0.9420583107892204 4
1780073316655 0.810395698336994 5
1780073329786 0.7897278289584553 6
1780073370226 0.6564507537028369 7
1780073412302 0.5999939967604244 8
1780073424144 0.507891619906706 9
1780073473043 0.4764232170932433 10
1780073484894 0.4963691756129265 11
1780073501780 0.43097861417952704 12
1780073515797 0.4000924738014446 13
1780073529409 0.3188788198372897 14
1780073540655 0.3010810657459147 15
