1779843701972 1.6947471553629094 0
1779843733803 1.3171357349915938 1
1779843765735 1.1486904404380105 2
1779843806366 0.9576941349289634 3
1779843818015 0.8621359630064531 4
1779843829330 0.7297588966109536 5
1779843861811 0.6623057221824472 6
1779843873027 0.6109698888930407 7
1779843884492 0.49332599477334454 8
1779843896142 0.40386568213051016 9
1779843907708 0.31564630703492597 10
1779843939396 0.30891008607365866 11
1779843950747 0.2818953476168893 12
1779843962254 0.2553020492196083 13
1779843973531 0.23147953403266994 14
1779843984923 0.22443808750672775 15
1779843996134 0.20912069827318192 16
