1779843701972 39.568345323741006 0
1779843733803 52.66187050359712 1
1779843765735 58.56115107913669 2
1779843806366 67.05035971223022 3
1779843818015 68.77697841726619 4
1779843829330 76.11510791366906 5
1779843861811 78.56115107913669 6
1779843873027 80.71942446043165 7
1779843884492 85.61151079136691 8
1779843896142 87.9136690647482 9
1779843907708 91.65467625899281 10
1779843939396 91.22302158273381 11
1779843950747 93.38129496402878 12
1779843962254 92.37410071942446 13
1779843973531 94.53237410071942 14
1779843984923 94.24460431654676 15
1779843996134 94.53237410071942 16
